inj	out_1kev_400	out_2kev_400	out_3kev_400	out_1kev_50	out_2kev_50	out_3kev_50
0.002	0.04633	0.03864	0.0217	0.0148	0.00991	0.00982
0.004	0.0506	0.02893	0.02032	0.0061	0.0039	0.00578
0.006	0.07702	0.04484	0.0314	0.01133	0.00521	0.00464
0.008	0.09293	0.05865	0.04314	0.01557	0.00711	0.00631
0.01	0.10893	0.06957	0.05159	0.01687	0.01009	0.01004
0.012	0.11955	0.08242	0.06163	0.02466	0.01276	0.00809
0.014	0.13307	0.09363	0.07128	0.02483	0.01353	0.01111
0.016	0.14055	0.10163	0.07813	0.03129	0.01647	0.01244
0.018	0.14928	0.11081	0.08582	0.03225	0.01775	0.01074
0.02	0.15577	0.11769	0.09416	0.03641	0.02075	0.01405
0.022	0.16385	0.12357	0.09908	0.03983	0.02293	0.01591
0.024	0.16657	0.13222	0.1063	0.04271	0.02529	0.01639
0.026	0.16968	0.13536	0.10996	0.04784	0.02535	0.01795
0.028	0.17663	0.14235	0.11942	0.0502	0.02693	0.02073
0.03	0.17681	0.14586	0.12148	0.0556	0.02995	0.01906
0.032	0.17974	0.15321	0.12633	0.05694	0.03331	0.02093
0.034	0.18346	0.15159	0.13142	0.06132	0.03416	0.02344
0.036	0.1859	0.1582	0.13247	0.06252	0.03809	0.02607
0.038	0.18717	0.16245	0.13968	0.06612	0.04008	0.02675
0.04	0.19253	0.16469	0.14416	0.07073	0.04112	0.02803
0.042	0.19421	0.16867	0.14637	0.07277	0.04261	0.02929
0.044	0.19741	0.16867	0.14943	0.07665	0.04746	0.02938
0.046	0.19818	0.16964	0.15342	0.07746	0.04911	0.03165
0.048	0.20273	0.17378	0.15373	0.08269	0.04849	0.03239
0.05	0.20239	0.17387	0.15658	0.08328	0.05062	0.03802
0.052	0.20437	0.17753	0.15991	0.08527	0.05181	0.03551
0.054	0.20847	0.17927	0.16341	0.08981	0.05259	0.03862
0.056	0.20763	0.18211	0.16248	0.0924	0.05536	0.0388
0.058	0.21043	0.18278	0.16471	0.09412	0.05847	0.03996
0.06	0.21415	0.18594	0.16577	0.09845	0.06041	0.04258
0.062	0.21283	0.18617	0.16886	0.09864	0.06075	0.04324
0.064	0.21557	0.18655	0.16821	0.10036	0.06413	0.04421
0.066	0.21705	0.18862	0.1709	0.10149	0.06567	0.04938
0.068	0.21768	0.18867	0.17524	0.109	0.06587	0.04698
0.07	0.22054	0.19054	0.17366	0.1079	0.06865	0.04841
0.072	0.22358	0.19274	0.17519	0.11143	0.07092	0.04675
0.074	0.2213	0.19386	0.17668	0.11182	0.07089	0.05128
0.076	0.22491	0.19781	0.17834	0.11507	0.07303	0.05235
0.078	0.22757	0.19878	0.17889	0.11688	0.07549	0.05399
0.08	0.22816	0.19868	0.1827	0.11913	0.07515	0.05329
0.082	0.22952	0.19891	0.18213	0.12066	0.07657	0.05755
0.084	0.22908	0.20043	0.18317	0.12135	0.07916	0.05808
0.086	0.23069	0.20286	0.18494	0.12238	0.08166	0.05911
0.088	0.2331	0.20249	0.18724	0.12421	0.07952	0.06153
0.09	0.23441	0.20176	0.18686	0.1259	0.08417	0.06071
0.092	0.23529	0.20654	0.18657	0.12783	0.08492	0.06316
0.094	0.23452	0.20631	0.18699	0.13042	0.08626	0.0663
0.096	0.23873	0.20608	0.18901	0.13006	0.09009	0.06375
0.098	0.2381	0.20989	0.18827	0.13199	0.08956	0.06594
0.1	0.23725	0.20698	0.18987	0.13284	0.0922	0.06723
0.102	0.24104	0.21173	0.19199	0.13409	0.09201	0.06724
0.104	0.2397	0.20965	0.18945	0.13656	0.09288	0.07121
0.106	0.2434	0.21119	0.19265	0.14023	0.09382	0.06854
0.108	0.24264	0.21144	0.1943	0.13957	0.09543	0.07209
0.11	0.24532	0.2131	0.19641	0.14114	0.09751	0.07346
0.112	0.24485	0.21475	0.19705	0.14215	0.09902	0.07209
0.114	0.2483	0.21443	0.19748	0.14312	0.102	0.07526
0.116	0.24668	0.21573	0.19624	0.14425	0.10223	0.0776
0.118	0.24721	0.22048	0.19856	0.1454	0.10506	0.07739
0.12	0.25144	0.21755	0.20008	0.145	0.10117	0.08082
0.122	0.25154	0.21919	0.19989	0.14715	0.10528	0.08061
0.124	0.25437	0.22008	0.20043	0.14968	0.10691	0.08124
0.126	0.25581	0.22218	0.20232	0.14931	0.10871	0.08175
0.128	0.25599	0.22211	0.20504	0.14994	0.10779	0.0807
0.13	0.25473	0.22425	0.20176	0.15163	0.11111	0.08386
0.132	0.2573	0.22411	0.20409	0.15202	0.11184	0.08608
0.134	0.25802	0.22366	0.20362	0.15458	0.11165	0.08735
0.136	0.25713	0.22331	0.20539	0.15311	0.11389	0.08482
0.138	0.25995	0.22626	0.20629	0.15597	0.11381	0.08853
0.14	0.26017	0.22445	0.20577	0.15533	0.11312	0.08881
0.142	0.26168	0.22793	0.20848	0.15717	0.11655	0.09159
0.144	0.26178	0.2267	0.20906	0.15742	0.11765	0.09135
0.146	0.26077	0.22779	0.20894	0.15778	0.11925	0.08999
0.148	0.26248	0.22836	0.20988	0.15911	0.11803	0.09262
0.15	0.26429	0.22791	0.21053	0.16043	0.12041	0.09515
0.152	0.26657	0.2287	0.21073	0.16032	0.12051	0.09655
0.154	0.26673	0.23115	0.21223	0.16192	0.1211	0.094
0.156	0.26616	0.22988	0.21227	0.16226	0.12366	0.096
0.158	0.26725	0.23255	0.21308	0.16341	0.12268	0.0977
0.16	0.26887	0.23273	0.21209	0.16486	0.12377	0.096
0.162	0.26934	0.23281	0.21369	0.16587	0.12685	0.0987
0.164	0.27091	0.23379	0.21551	0.16521	0.12597	0.10084
0.166	0.27089	0.23617	0.21603	0.16474	0.12727	0.10093
0.168	0.27234	0.23525	0.21595	0.1677	0.12711	0.10214
0.17	0.27215	0.23405	0.21856	0.1663	0.12824	0.10486
0.172	0.27634	0.23587	0.21628	0.1689	0.12877	0.10343
0.174	0.27237	0.2357	0.21755	0.1682	0.13158	0.10442
0.176	0.27498	0.23976	0.21864	0.16944	0.13133	0.10555
0.178	0.27681	0.23803	0.21759	0.16895	0.13457	0.10728
0.18	0.27739	0.23839	0.21969	0.16955	0.13318	0.10735
0.182	0.27803	0.24003	0.22052	0.17166	0.13511	0.10796
0.184	0.27757	0.24038	0.21988	0.17224	0.13493	0.10546
0.186	0.27826	0.24144	0.22079	0.16968	0.13279	0.10802
0.188	0.28187	0.24032	0.21996	0.17267	0.13477	0.10988
0.19	0.27856	0.24121	0.22088	0.17322	0.13528	0.10843
0.192	0.28033	0.24366	0.2235	0.17416	0.13602	0.1127
0.194	0.28203	0.24459	0.22109	0.17641	0.13837	0.11078
0.196	0.28124	0.24298	0.22321	0.17484	0.13803	0.11186
0.198	0.2829	0.24404	0.22345	0.17604	0.14114	0.11254
0.2	0.28415	0.24635	0.22517	0.17529	0.14054	0.11335
0.202	0.28413	0.24483	0.22663	0.17532	0.14198	0.11377
0.204	0.28648	0.24615	0.22506	0.17681	0.14019	0.11733
0.206	0.28604	0.24652	0.22539	0.1781	0.14071	0.11484
0.208	0.28778	0.24749	0.22583	0.17838	0.14318	0.11614
0.21	0.2911	0.24724	0.22632	0.17915	0.14207	0.11975
0.212	0.28946	0.24795	0.22845	0.17937	0.14275	0.11766
0.214	0.2891	0.24822	0.22859	0.17874	0.14448	0.11787
0.216	0.29044	0.24739	0.22763	0.18296	0.14535	0.11861
0.218	0.29247	0.2488	0.22955	0.18047	0.14508	0.12268
0.22	0.29452	0.24754	0.22893	0.18273	0.14657	0.11989
0.222	0.29089	0.24937	0.23064	0.18232	0.14519	0.11958
0.224	0.29349	0.25203	0.23105	0.18039	0.14693	0.12113
0.226	0.29359	0.25193	0.23185	0.18213	0.14958	0.12066
0.228	0.29511	0.25093	0.2321	0.18196	0.14623	0.12262
0.23	0.29464	0.25043	0.23263	0.1852	0.14904	0.12444
0.232	0.29629	0.25472	0.23355	0.18399	0.14782	0.12409
0.234	0.30008	0.25477	0.2308	0.18435	0.15044	0.12567
0.236	0.29893	0.25461	0.23363	0.18235	0.15191	0.124
0.238	0.3006	0.25475	0.23118	0.18121	0.14989	0.12676
0.24	0.30126	0.25739	0.23363	0.1844	0.1518	0.12738
0.242	0.30517	0.25603	0.23381	0.18465	0.15325	0.12572
0.244	0.30241	0.25666	0.23696	0.18646	0.15262	0.12922
0.246	0.30417	0.25663	0.23796	0.18434	0.15364	0.12966
0.248	0.30381	0.25562	0.23779	0.18704	0.15434	0.13053
0.25	0.30335	0.25785	0.2354	0.18827	0.15491	0.12873
0.252	0.30501	0.25683	0.23973	0.19	0.15264	0.1298
0.254	0.30574	0.26073	0.23521	0.18713	0.15468	0.13074
0.256	0.30439	0.25786	0.23805	0.1869	0.15533	0.13027
0.258	0.30956	0.2585	0.23807	0.18774	0.15556	0.13242
0.26	0.30925	0.26037	0.23972	0.18785	0.15736	0.13268
0.262	0.30887	0.26021	0.24025	0.18954	0.15561	0.13369
0.264	0.31328	0.26165	0.23915	0.19204	0.15466	0.13174
0.266	0.31299	0.261	0.24003	0.19175	0.15615	0.13349
0.268	0.31004	0.26304	0.24159	0.19041	0.15846	0.13526
0.27	0.31088	0.26318	0.23999	0.19196	0.15592	0.13432
0.272	0.31242	0.26399	0.23999	0.19035	0.16017	0.13439
0.274	0.31077	0.26427	0.24107	0.19101	0.15954	0.13314
0.276	0.31486	0.26365	0.24017	0.18951	0.16039	0.13728
0.278	0.31409	0.26286	0.24121	0.19212	0.16184	0.13578
0.28	0.31695	0.26475	0.24266	0.19374	0.16085	0.13746
0.282	0.31627	0.26172	0.24394	0.19128	0.1587	0.13751
0.284	0.31666	0.26728	0.2443	0.193	0.16048	0.13941
0.286	0.31877	0.26555	0.24266	0.19225	0.16182	0.13856
0.288	0.31888	0.26599	0.24237	0.19524	0.16057	0.13751
0.29	0.31613	0.2667	0.24763	0.19286	0.16168	0.14088
0.292	0.32097	0.26758	0.24364	0.19498	0.16371	0.14095
0.294	0.31986	0.26536	0.24582	0.19592	0.1615	0.13948
0.296	0.32123	0.26789	0.24682	0.19839	0.16404	0.14075
0.298	0.3231	0.26778	0.24288	0.19638	0.16231	0.14221
0.3	0.32097	0.26781	0.24522	0.19612	0.16248	0.1427
0.302	0.32131	0.26883	0.24363	0.19564	0.16652	0.1403
0.304	0.32486	0.26951	0.24701	0.19617	0.16207	0.14441
0.306	0.32623	0.26955	0.24884	0.1969	0.16477	0.14417
0.308	0.32441	0.27173	0.2463	0.19785	0.16473	0.14404
0.31	0.32392	0.27078	0.24748	0.19852	0.16528	0.14536
0.312	0.32654	0.27035	0.24823	0.19862	0.16566	0.14636
0.314	0.32709	0.26991	0.24773	0.19993	0.16375	0.14349
0.316	0.32787	0.26897	0.24861	0.19745	0.16599	0.14231
0.318	0.33016	0.27029	0.24959	0.19886	0.16716	0.14557
0.32	0.33233	0.27452	0.25043	0.19982	0.1672	0.1452
0.322	0.33031	0.27317	0.25034	0.19857	0.16618	0.14474
0.324	0.33299	0.27339	0.25141	0.1986	0.16715	0.14641
0.326	0.33065	0.2762	0.2504	0.19772	0.17032	0.14706
0.328	0.33236	0.27533	0.25064	0.19773	0.17143	0.14626
0.33	0.33143	0.27549	0.25253	0.20001	0.16806	0.14766
0.332	0.33358	0.27686	0.24941	0.20031	0.17023	0.1475
0.334	0.3331	0.27685	0.25099	0.19974	0.16848	0.14914
0.336	0.33594	0.27536	0.25201	0.20104	0.17099	0.15035
0.338	0.33551	0.27813	0.25248	0.20129	0.17262	0.14731
0.34	0.3371	0.2775	0.24988	0.20407	0.17156	0.15044
0.342	0.33786	0.27701	0.2541	0.19973	0.16872	0.15094
0.344	0.33583	0.27772	0.25368	0.20527	0.1718	0.14962
0.346	0.34038	0.28071	0.25381	0.20217	0.17132	0.14977
0.348	0.33744	0.27786	0.25672	0.20488	0.17018	0.15096
0.35	0.33807	0.27794	0.25204	0.20454	0.17062	0.15466
0.352	0.33862	0.2781	0.25454	0.20291	0.17319	0.14994
0.354	0.34001	0.28057	0.25535	0.20206	0.17225	0.15235
0.356	0.34351	0.27891	0.25502	0.204	0.17352	0.15134
0.358	0.34305	0.28034	0.25572	0.20459	0.17029	0.14944
0.36	0.34199	0.28133	0.25524	0.20654	0.17328	0.15306
0.362	0.34402	0.28005	0.25488	0.20665	0.17326	0.15338
0.364	0.34106	0.2826	0.25798	0.20543	0.1753	0.15299
0.366	0.34913	0.28445	0.25725	0.20379	0.17432	0.15447
0.368	0.34494	0.28286	0.25843	0.20547	0.17373	0.15399
0.37	0.34432	0.28401	0.25879	0.20664	0.17316	0.15391
0.372	0.34743	0.28285	0.25752	0.20682	0.17477	0.15306
0.374	0.34676	0.28543	0.2582	0.20641	0.17397	0.1532
0.376	0.34739	0.28424	0.25805	0.20736	0.1765	0.1564
0.378	0.35043	0.28591	0.26089	0.2067	0.17626	0.15549
0.38	0.35002	0.28427	0.25968	0.20744	0.17698	0.15689
0.382	0.34753	0.28647	0.26033	0.20879	0.17647	0.15609
0.384	0.35043	0.28539	0.25824	0.21048	0.17726	0.15666
0.386	0.35224	0.28657	0.26098	0.20823	0.17706	0.15675
0.388	0.35402	0.2882	0.25945	0.20998	0.17671	0.15733
0.39	0.35234	0.29076	0.26048	0.20857	0.17662	0.15823
0.392	0.35305	0.28645	0.26121	0.20873	0.17971	0.15807
0.394	0.35372	0.28761	0.26144	0.20736	0.1778	0.15845
0.396	0.35574	0.28769	0.26167	0.20913	0.17755	0.15915
0.398	0.35621	0.28987	0.26301	0.21097	0.17862	0.15957
0.4	0.35609	0.28963	0.26163	0.21035	0.1781	0.15947
0.402	0.35726	0.28965	0.26318	0.20894	0.18059	0.15919
0.404	0.36009	0.29127	0.26217	0.20985	0.18005	0.16064
0.406	0.35973	0.29119	0.26361	0.20938	0.18035	0.16022
0.408	0.35855	0.29177	0.26191	0.21102	0.18007	0.16085
0.41	0.35873	0.29172	0.26443	0.20998	0.17977	0.16236
0.412	0.36275	0.2936	0.2627	0.21131	0.18032	0.15958
0.414	0.36071	0.29266	0.26434	0.21168	0.1813	0.16248
0.416	0.36086	0.29324	0.26555	0.21178	0.17991	0.16203
0.418	0.36119	0.29255	0.2641	0.21099	0.17898	0.16053
0.42	0.3602	0.29366	0.26409	0.21408	0.18115	0.16066
0.422	0.36429	0.29447	0.26577	0.21219	0.18292	0.16268
0.424	0.36383	0.29291	0.26652	0.21219	0.18138	0.16094
0.426	0.36325	0.29759	0.26844	0.21305	0.18147	0.16279
0.428	0.3629	0.29495	0.26628	0.21498	0.1826	0.16255
0.43	0.36787	0.29422	0.26813	0.21221	0.18266	0.16222
0.432	0.369	0.29797	0.26808	0.21362	0.18342	0.16542
0.434	0.36777	0.29789	0.26719	0.21379	0.18309	0.16229
0.436	0.36626	0.29858	0.26867	0.2132	0.18235	0.16164
0.438	0.36837	0.29886	0.26858	0.21333	0.18499	0.16465
0.44	0.36818	0.29755	0.26977	0.21392	0.18138	0.16324
0.442	0.36963	0.29805	0.26956	0.2147	0.18447	0.16711
0.444	0.36939	0.29844	0.26809	0.21479	0.18362	0.16557
0.446	0.37222	0.30071	0.26969	0.21728	0.18347	0.16386
0.448	0.36889	0.2994	0.26948	0.21348	0.18537	0.16527
0.45	0.37153	0.29861	0.26805	0.21635	0.18462	0.16679
0.452	0.37305	0.29921	0.27041	0.2169	0.18547	0.16492
0.454	0.37276	0.3018	0.27009	0.21763	0.18308	0.16703
0.456	0.37447	0.30164	0.27048	0.21578	0.18382	0.16665
0.458	0.37339	0.30386	0.27019	0.21549	0.18564	0.16688
0.46	0.37204	0.30222	0.27035	0.21642	0.18672	0.16525
0.462	0.37579	0.3016	0.27207	0.21802	0.18502	0.16543
0.464	0.37553	0.30272	0.27396	0.21618	0.1868	0.16556
0.466	0.3774	0.30525	0.27393	0.2165	0.18472	0.16951
0.468	0.37857	0.30589	0.27173	0.21864	0.18563	0.16536
0.47	0.37737	0.30492	0.2719	0.21657	0.18559	0.16781
0.472	0.38057	0.3046	0.27259	0.21876	0.18619	0.16657
0.474	0.38183	0.30505	0.27164	0.21793	0.18475	0.16799
0.476	0.38057	0.3036	0.27328	0.22139	0.18702	0.1687
0.478	0.38153	0.3049	0.27439	0.21997	0.18701	0.1693
0.48	0.3829	0.30477	0.2755	0.21826	0.18713	0.17073
0.482	0.38295	0.30468	0.27469	0.2187	0.18727	0.17167
0.484	0.38122	0.30853	0.27344	0.21792	0.18653	0.1692
0.486	0.38498	0.30755	0.27386	0.22147	0.18794	0.16994
0.488	0.38234	0.30883	0.27601	0.21853	0.18818	0.17208
0.49	0.38236	0.30719	0.27666	0.22033	0.18801	0.17133
0.492	0.38556	0.30978	0.27548	0.22067	0.18914	0.17043
0.494	0.38407	0.3075	0.27567	0.21789	0.19026	0.17091
0.496	0.3858	0.30994	0.27674	0.22267	0.1884	0.16814
0.498	0.38902	0.31128	0.27644	0.22117	0.18961	0.16946
0.5	0.38568	0.30823	0.27734	0.22121	0.191	0.17104
0.502	0.38851	0.30984	0.27853	0.21975	0.19125	0.17126
0.504	0.38889	0.30881	0.27666	0.22004	0.18999	0.17288
0.506	0.39176	0.31101	0.27586	0.22067	0.18932	0.1678
0.508	0.39128	0.31147	0.27737	0.22365	0.19002	0.17134
0.51	0.39	0.31142	0.27928	0.22463	0.1897	0.17279
0.512	0.39168	0.31303	0.27813	0.22211	0.18897	0.17253
0.514	0.39017	0.31406	0.27764	0.22205	0.19093	0.1723
0.516	0.39098	0.31201	0.28001	0.22066	0.1915	0.1713
0.518	0.39312	0.31159	0.27737	0.22269	0.19023	0.17424
0.52	0.39215	0.31203	0.28071	0.22186	0.18963	0.17218
0.522	0.39474	0.31395	0.28163	0.22284	0.1912	0.17236
0.524	0.39471	0.31322	0.28428	0.22113	0.19093	0.17587
0.526	0.3967	0.3163	0.28159	0.22386	0.19165	0.17537
0.528	0.39529	0.31727	0.28233	0.22456	0.19167	0.17182
0.53	0.39414	0.31438	0.28422	0.22657	0.19087	0.17568
0.532	0.39765	0.31489	0.28314	0.22424	0.19451	0.17429
0.534	0.39802	0.31553	0.28198	0.22438	0.19453	0.17319
0.536	0.39864	0.3155	0.28461	0.22404	0.19141	0.17424
0.538	0.39817	0.31713	0.28039	0.2245	0.19325	0.17422
0.54	0.40038	0.31917	0.28341	0.22519	0.1939	0.17386
0.542	0.40099	0.31813	0.28382	0.2268	0.19346	0.17422
0.544	0.40237	0.31981	0.2826	0.22608	0.19199	0.17543
0.546	0.40028	0.31614	0.28357	0.22836	0.19348	0.17348
0.548	0.40407	0.31973	0.28535	0.22423	0.1923	0.17621
0.55	0.40422	0.31929	0.28281	0.22658	0.19287	0.17538
0.552	0.40336	0.31915	0.28479	0.22482	0.19252	0.1785
0.554	0.40352	0.32209	0.2853	0.22736	0.1959	0.17643
0.556	0.4045	0.32046	0.28525	0.22737	0.19595	0.17559
0.558	0.40711	0.3211	0.28587	0.22963	0.19471	0.17583
0.56	0.40414	0.32128	0.28716	0.2277	0.19373	0.17559
0.562	0.40866	0.32375	0.28633	0.22822	0.19675	0.17945
0.564	0.40535	0.32348	0.28635	0.22605	0.19331	0.17787
0.566	0.407	0.32421	0.28608	0.22851	0.19502	0.17777
0.568	0.40822	0.32128	0.28581	0.22698	0.19567	0.17743
0.57	0.40764	0.32127	0.28637	0.22875	0.19731	0.17608
0.572	0.40673	0.32381	0.28558	0.22635	0.19519	0.17678
0.574	0.4115	0.32498	0.28614	0.22519	0.19769	0.17766
0.576	0.40631	0.32385	0.29002	0.22698	0.19506	0.17761
0.578	0.41072	0.32442	0.28897	0.22771	0.19746	0.17792
0.58	0.41018	0.32348	0.28728	0.22723	0.19567	0.17811
0.582	0.41342	0.32571	0.28838	0.22879	0.19814	0.1782
0.584	0.41338	0.32383	0.28856	0.228	0.19662	0.17599
0.586	0.41397	0.32618	0.28854	0.23097	0.19731	0.17869
0.588	0.41422	0.32485	0.29069	0.22946	0.196	0.18046
0.59	0.41321	0.32704	0.29143	0.23014	0.19596	0.1787
0.592	0.41603	0.32576	0.28957	0.22865	0.19781	0.17694
0.594	0.41542	0.3281	0.29128	0.22756	0.1964	0.18018
0.596	0.41616	0.32735	0.28906	0.23043	0.19688	0.17833
0.598	0.41608	0.32658	0.29006	0.23124	0.19813	0.17792
0.6	0.41718	0.32744	0.29141	0.23174	0.19621	0.17953
0.602	0.41931	0.32794	0.29224	0.23135	0.19879	0.18123
0.604	0.41763	0.32704	0.29398	0.23274	0.19817	0.17932
0.606	0.4189	0.32674	0.28946	0.23087	0.19775	0.1814
0.608	0.41807	0.33296	0.29385	0.23223	0.19876	0.18181
0.61	0.41876	0.33188	0.29243	0.23268	0.20022	0.18198
0.612	0.42238	0.32902	0.29342	0.2328	0.19787	0.18051
0.614	0.41976	0.32834	0.29295	0.23244	0.20063	0.18007
0.616	0.42139	0.33075	0.29279	0.23098	0.19826	0.18201
0.618	0.42319	0.3336	0.29087	0.23351	0.20001	0.18171
0.62	0.42388	0.32967	0.29262	0.23294	0.20088	0.18274
0.622	0.4234	0.33181	0.29217	0.233	0.19997	0.18147
0.624	0.42303	0.33275	0.29451	0.23177	0.19956	0.18181
0.626	0.42382	0.33422	0.29249	0.23212	0.20055	0.18117
0.628	0.42729	0.33347	0.29407	0.23072	0.19917	0.18201
0.63	0.4271	0.33383	0.29514	0.23096	0.19904	0.18248
0.632	0.42846	0.33513	0.29624	0.2323	0.19883	0.18282
0.634	0.4257	0.33491	0.29547	0.23484	0.20194	0.18315
0.636	0.42799	0.33576	0.2978	0.23334	0.20072	0.18319
0.638	0.43021	0.33437	0.29776	0.23439	0.20298	0.18347
0.64	0.42982	0.33513	0.29693	0.23448	0.20139	0.18384
0.642	0.42822	0.33464	0.29759	0.23338	0.20098	0.18378
0.644	0.42887	0.3367	0.29557	0.23376	0.20146	0.1841
0.646	0.43073	0.33534	0.29872	0.23531	0.2021	0.18413
0.648	0.43142	0.33767	0.29873	0.23467	0.20269	0.1835
0.65	0.43169	0.33595	0.29613	0.23592	0.20094	0.18281
0.652	0.43268	0.33699	0.29899	0.23389	0.20151	0.18526
0.654	0.43265	0.33683	0.29713	0.23519	0.20077	0.18327
0.656	0.43644	0.33811	0.29586	0.23461	0.20459	0.18309
0.658	0.43309	0.33838	0.3007	0.23461	0.20342	0.18202
0.66	0.43661	0.33968	0.29825	0.23426	0.20307	0.18603
0.662	0.43409	0.33834	0.30092	0.23591	0.20312	0.18498
0.664	0.43661	0.33991	0.29941	0.23507	0.20295	0.18537
0.666	0.43661	0.33689	0.29809	0.23486	0.20308	0.18446
0.668	0.43778	0.33892	0.29975	0.24052	0.20344	0.18361
0.67	0.4367	0.33748	0.30133	0.23867	0.2056	0.18536
0.672	0.43951	0.33998	0.29984	0.23696	0.20429	0.18442
0.674	0.43829	0.33981	0.30149	0.23746	0.20199	0.18475
0.676	0.43988	0.34128	0.30053	0.23654	0.2028	0.18496
0.678	0.43894	0.33997	0.30023	0.23543	0.20278	0.18542
0.68	0.4421	0.34051	0.30231	0.23623	0.20427	0.18706
0.682	0.44393	0.34326	0.30243	0.23631	0.20451	0.18577
0.684	0.44309	0.3432	0.30322	0.24016	0.20248	0.18594
0.686	0.4445	0.34328	0.30285	0.23783	0.20562	0.18723
0.688	0.43907	0.34308	0.30416	0.23776	0.20234	0.186
0.69	0.44337	0.34502	0.30544	0.23705	0.20505	0.18897
0.692	0.44146	0.3461	0.30424	0.23828	0.20597	0.18724
0.694	0.44358	0.34299	0.30159	0.23797	0.20504	0.18859
0.696	0.44235	0.34436	0.30403	0.23763	0.20611	0.18604
0.698	0.44207	0.34507	0.3039	0.23828	0.20382	0.18819
0.7	0.44605	0.34314	0.30435	0.23854	0.20396	0.18837
0.702	0.44779	0.34581	0.30615	0.23965	0.20717	0.18639
0.704	0.44933	0.34472	0.30706	0.2396	0.20532	0.18621
0.706	0.4452	0.34729	0.30382	0.23872	0.20549	0.18752
0.708	0.44875	0.34699	0.30515	0.23995	0.20786	0.18717
0.71	0.44685	0.34563	0.30395	0.23793	0.20319	0.18802
0.712	0.4491	0.34719	0.30785	0.23953	0.20743	0.18871
0.714	0.45012	0.34765	0.30351	0.23955	0.20942	0.18902
0.716	0.44827	0.34635	0.30736	0.23954	0.20633	0.1881
0.718	0.45157	0.34756	0.30694	0.23869	0.20779	0.1884
0.72	0.45312	0.34811	0.30687	0.24215	0.20878	0.18936
0.722	0.45276	0.34806	0.3078	0.24202	0.20715	0.1866
0.724	0.45555	0.35009	0.30958	0.23881	0.20617	0.18767
0.726	0.4546	0.3482	0.30931	0.24336	0.20673	0.18883
0.728	0.45417	0.34753	0.30774	0.23858	0.20833	0.18665
0.73	0.45311	0.35153	0.30889	0.24192	0.21071	0.18901
0.732	0.45536	0.35095	0.30969	0.24253	0.20703	0.18804
0.734	0.45631	0.35065	0.30937	0.24168	0.2075	0.18909
0.736	0.45604	0.35179	0.30919	0.24358	0.20813	0.1883
0.738	0.45199	0.35115	0.31199	0.2412	0.20786	0.19043
0.74	0.45806	0.35283	0.31145	0.23978	0.20876	0.19016
0.742	0.45538	0.35129	0.30982	0.24341	0.20919	0.18989
0.744	0.4592	0.35013	0.30839	0.24185	0.20924	0.18938
0.746	0.45652	0.35339	0.31004	0.24212	0.2086	0.19083
0.748	0.45835	0.35584	0.3103	0.24389	0.2094	0.1903
0.75	0.46255	0.35229	0.30885	0.24128	0.21193	0.18905
0.752	0.45998	0.35419	0.31083	0.24229	0.21149	0.19152
0.754	0.46221	0.35238	0.31261	0.24133	0.20791	0.19052
0.756	0.461	0.35176	0.31134	0.24345	0.20812	0.18951
0.758	0.46021	0.35554	0.31342	0.24256	0.20921	0.19081
0.76	0.46318	0.35288	0.31222	0.24328	0.21021	0.18976
0.762	0.46262	0.35502	0.31315	0.24357	0.21026	0.19235
0.764	0.46417	0.3554	0.31337	0.24462	0.21008	0.18983
0.766	0.46449	0.35447	0.31381	0.24369	0.21015	0.19021
0.768	0.46279	0.35527	0.31506	0.24456	0.21177	0.18951
0.77	0.46522	0.35451	0.31359	0.24195	0.21194	0.19124
0.772	0.4678	0.35698	0.31288	0.24361	0.2118	0.19149
0.774	0.46644	0.35612	0.3123	0.24509	0.21005	0.19101
0.776	0.46522	0.35514	0.31359	0.24477	0.20812	0.19208
0.778	0.46679	0.35736	0.31536	0.24505	0.2111	0.19125
0.78	0.46743	0.35587	0.31504	0.24472	0.21021	0.19372
0.782	0.46658	0.35913	0.31333	0.24261	0.2107	0.19112
0.784	0.4696	0.35799	0.31504	0.24604	0.21081	0.19118
0.786	0.4706	0.35991	0.31526	0.24501	0.21263	0.19088
0.788	0.47115	0.35772	0.31605	0.24336	0.21177	0.19173
0.79	0.47059	0.35952	0.31521	0.24626	0.21184	0.19475
0.792	0.47346	0.36139	0.31701	0.24477	0.212	0.19253
0.794	0.47099	0.35903	0.31657	0.24614	0.21148	0.19372
0.796	0.47445	0.36031	0.31841	0.24551	0.21214	0.19276
0.798	0.47362	0.36069	0.3175	0.24659	0.20879	0.1922
0.8	0.47218	0.3593	0.31837	0.24636	0.21224	0.19392
0.802	0.47301	0.36217	0.31816	0.24623	0.21229	0.1957
0.804	0.47518	0.36194	0.31939	0.24483	0.21156	0.19439
0.806	0.4755	0.36188	0.31841	0.2484	0.2121	0.19301
0.808	0.47406	0.36325	0.31665	0.24863	0.21304	0.1941
0.81	0.47698	0.36281	0.32038	0.24837	0.21308	0.19573
0.812	0.47779	0.36376	0.31813	0.24675	0.2129	0.1943
0.814	0.47695	0.36181	0.31901	0.24887	0.2115	0.19326
0.816	0.47691	0.3631	0.3165	0.24829	0.2126	0.19493
0.818	0.47645	0.3641	0.31964	0.24709	0.21359	0.19395
0.82	0.47652	0.3627	0.31902	0.24623	0.21245	0.19524
0.822	0.47709	0.36286	0.31808	0.24946	0.21431	0.19598
0.824	0.47823	0.36372	0.32216	0.24842	0.21299	0.19466
0.826	0.48127	0.36663	0.32108	0.24613	0.21722	0.19564
0.828	0.4781	0.36632	0.32198	0.24635	0.21288	0.19683
0.83	0.4802	0.36462	0.3219	0.25054	0.21392	0.1961
0.832	0.48007	0.36556	0.32165	0.24863	0.21439	0.19636
0.834	0.48145	0.36363	0.32297	0.2501	0.21439	0.19582
0.836	0.47969	0.36636	0.32215	0.2498	0.21219	0.19523
0.838	0.48506	0.36566	0.32248	0.24842	0.21501	0.19703
0.84	0.48201	0.36862	0.3231	0.25073	0.21467	0.19749
0.842	0.48534	0.36756	0.32088	0.24988	0.21555	0.19524
0.844	0.48374	0.36665	0.32202	0.24891	0.21505	0.199
0.846	0.48409	0.37002	0.32172	0.24833	0.21408	0.19686
0.848	0.48415	0.36811	0.32352	0.24855	0.21399	0.19642
0.85	0.48668	0.3687	0.32165	0.25043	0.21736	0.19532
0.852	0.48839	0.36852	0.3228	0.25134	0.2154	0.19655
0.854	0.48309	0.36911	0.32512	0.25091	0.21628	0.19537
0.856	0.48578	0.37052	0.32378	0.25011	0.21495	0.19686
0.858	0.48882	0.37364	0.3244	0.25138	0.2172	0.19728
0.86	0.48593	0.37043	0.32757	0.25079	0.21685	0.19709
0.862	0.48782	0.36858	0.3274	0.25048	0.21702	0.19695
0.864	0.48827	0.37162	0.324	0.24968	0.21281	0.19721
0.866	0.48937	0.37203	0.32432	0.24834	0.21583	0.19864
0.868	0.48922	0.37172	0.32786	0.25135	0.21526	0.1995
0.87	0.48971	0.37592	0.32594	0.25141	0.21667	0.1971
0.872	0.48817	0.37123	0.32341	0.24985	0.21698	0.19784
0.874	0.48813	0.37123	0.32794	0.24984	0.21426	0.19857
0.876	0.49197	0.37268	0.32733	0.25206	0.2161	0.1955
0.878	0.49163	0.37119	0.32528	0.25175	0.2181	0.19905
0.88	0.49135	0.37515	0.32769	0.25143	0.21613	0.19776
0.882	0.49192	0.37316	0.32925	0.25337	0.21392	0.19913
0.884	0.49223	0.37636	0.32719	0.2525	0.21869	0.1974
0.886	0.49249	0.3723	0.32738	0.25282	0.21899	0.19757
0.888	0.49438	0.37474	0.32998	0.25175	0.21579	0.19718
0.89	0.49116	0.37542	0.32678	0.25196	0.218	0.19811
0.892	0.49295	0.37703	0.33116	0.25234	0.21782	0.1983
0.894	0.49432	0.37675	0.32891	0.25263	0.22004	0.19884
0.896	0.49688	0.37582	0.33004	0.25356	0.21644	0.1979
0.898	0.497	0.37549	0.32814	0.24916	0.21787	0.19831
0.9	0.49651	0.37851	0.33064	0.25355	0.218	0.19963
0.902	0.49572	0.37653	0.32832	0.25296	0.21715	0.19928
0.904	0.49875	0.37823	0.32985	0.25316	0.21817	0.19965
0.906	0.49817	0.37832	0.32892	0.25242	0.21799	0.20084
0.908	0.49764	0.37521	0.33032	0.25152	0.21751	0.19872
0.91	0.49914	0.37853	0.33205	0.25404	0.22041	0.2004
0.912	0.50019	0.37917	0.3311	0.25479	0.21888	0.20177
0.914	0.50097	0.37807	0.32801	0.25398	0.21781	0.20103
0.916	0.50219	0.37866	0.33313	0.25295	0.21746	0.20168
0.918	0.50295	0.37906	0.33203	0.25394	0.21696	0.19947
0.92	0.50082	0.38329	0.33235	0.25354	0.22	0.19861
0.922	0.50398	0.38013	0.33295	0.25703	0.21781	0.20124
0.924	0.50254	0.37771	0.33447	0.25517	0.22092	0.2015
0.926	0.50263	0.37892	0.33408	0.25616	0.21931	0.19973
0.928	0.50212	0.38091	0.33469	0.25472	0.21983	0.20016
0.93	0.5052	0.38226	0.33134	0.25359	0.21716	0.19819
0.932	0.50438	0.38211	0.33437	0.25407	0.21993	0.20081
0.934	0.50937	0.38086	0.33162	0.25553	0.21962	0.20362
0.936	0.50731	0.38306	0.33218	0.25443	0.21966	0.19966
0.938	0.50528	0.38211	0.33457	0.25386	0.22018	0.20186
0.94	0.50727	0.38179	0.3337	0.25512	0.21742	0.19969
0.942	0.5094	0.38421	0.33172	0.25774	0.22105	0.20001
0.944	0.50449	0.38436	0.33547	0.25595	0.21864	0.20159
0.946	0.50887	0.38325	0.33381	0.25724	0.22005	0.20237
0.948	0.508	0.38363	0.33435	0.25972	0.21959	0.2026
0.95	0.5106	0.38385	0.33574	0.25723	0.22136	0.19956
0.952	0.51408	0.38399	0.33492	0.2554	0.22164	0.20252
0.954	0.51142	0.38591	0.33369	0.25642	0.22248	0.20087
0.956	0.51083	0.38664	0.33445	0.25731	0.22174	0.20061
0.958	0.51072	0.38484	0.33514	0.25814	0.21937	0.20163
0.96	0.51399	0.38513	0.33886	0.25654	0.21999	0.2027
0.962	0.51267	0.38603	0.33668	0.25676	0.22124	0.20213
0.964	0.51345	0.38567	0.33586	0.258	0.2218	0.20346
0.966	0.51401	0.38806	0.33737	0.2595	0.22137	0.20248
0.968	0.51413	0.38554	0.33703	0.25778	0.22226	0.20077
0.97	0.5173	0.38732	0.33731	0.25831	0.22132	0.20243
0.972	0.51527	0.38895	0.33403	0.25726	0.22114	0.20256
0.974	0.51499	0.388	0.33576	0.25763	0.22011	0.20321
0.976	0.51588	0.38706	0.33774	0.25829	0.2227	0.20393
0.978	0.51785	0.38801	0.33813	0.25862	0.22049	0.20345
0.98	0.51932	0.38823	0.3377	0.25873	0.22092	0.20283
0.982	0.519	0.38971	0.33701	0.25842	0.22157	0.20536
0.984	0.52092	0.38913	0.34053	0.25915	0.22368	0.20359
0.986	0.51625	0.38942	0.33824	0.25927	0.22101	0.20581
0.988	0.51645	0.38973	0.33931	0.25654	0.22377	0.20283
0.99	0.52062	0.39039	0.34016	0.25792	0.22399	0.20115
0.992	0.5183	0.39217	0.33927	0.25919	0.22313	0.20294
0.994	0.5211	0.39109	0.33923	0.25979	0.22075	0.20488
0.996	0.52336	0.38894	0.33992	0.2597	0.22492	0.20274
0.998	0.52369	0.39302	0.34209	0.26235	0.22055	0.20275
1	0.5196	0.39087	0.33895	0.25695	0.22328	0.20574
1.002	0.52764	0.39465	0.34329	0.26088	0.22273	0.20417
1.004	0.52666	0.39583	0.34087	0.26001	0.22329	0.20306
1.006	0.52964	0.39487	0.33932	0.25778	0.22395	0.20493
1.008	0.52838	0.39265	0.34301	0.26169	0.22204	0.20349
1.01	0.52765	0.39231	0.34173	0.26134	0.22308	0.20576
1.012	0.52751	0.39527	0.34037	0.26135	0.22328	0.20479
1.014	0.52627	0.39566	0.34403	0.26164	0.22341	0.20291
1.016	0.52684	0.39572	0.34083	0.26058	0.22345	0.20606
1.018	0.52995	0.39514	0.34622	0.25966	0.2259	0.20479
1.02	0.53114	0.39533	0.34264	0.26125	0.22471	0.20273
1.022	0.52687	0.39641	0.34365	0.26054	0.22333	0.20527
1.024	0.53147	0.39723	0.34443	0.26066	0.22287	0.20603
1.026	0.53182	0.39487	0.34343	0.26214	0.22509	0.20562
1.028	0.53006	0.3987	0.34221	0.26343	0.22333	0.20542
1.03	0.52926	0.39828	0.34291	0.26094	0.22433	0.20315
1.032	0.53289	0.39896	0.3444	0.26352	0.22478	0.20753
1.034	0.53051	0.39899	0.34461	0.26223	0.22581	0.20678
1.036	0.53211	0.39849	0.34466	0.26129	0.22587	0.20685
1.038	0.53375	0.40011	0.34372	0.26294	0.22464	0.2051
1.04	0.53507	0.40006	0.34445	0.26256	0.22665	0.20514
1.042	0.53378	0.40044	0.34563	0.2617	0.22532	0.20484
1.044	0.53571	0.39918	0.34579	0.26255	0.22539	0.20382
1.046	0.53641	0.39861	0.34768	0.26125	0.22574	0.20626
1.048	0.53658	0.40047	0.34546	0.26379	0.22422	0.20769
1.05	0.53827	0.40152	0.34482	0.26227	0.22614	0.20484
1.052	0.53718	0.39808	0.34648	0.26202	0.22627	0.20504
1.054	0.53837	0.40301	0.34719	0.26226	0.22511	0.2055
1.056	0.53999	0.40037	0.34571	0.25967	0.22551	0.20528
1.058	0.54007	0.39969	0.3439	0.26382	0.2264	0.20545
1.06	0.53966	0.40145	0.34528	0.26219	0.225	0.20787
1.062	0.53804	0.40228	0.34944	0.26843	0.22544	0.20737
1.064	0.53854	0.40323	0.34803	0.2633	0.22794	0.20637
1.066	0.53953	0.40416	0.34832	0.26231	0.22601	0.20663
1.068	0.53967	0.40249	0.34861	0.26376	0.22701	0.20842
1.07	0.54244	0.40345	0.34742	0.26464	0.22898	0.20653
1.072	0.54078	0.40276	0.34846	0.26191	0.22502	0.20882
1.074	0.54411	0.40231	0.34828	0.26434	0.22673	0.20902
1.076	0.54273	0.40617	0.34883	0.26408	0.22847	0.2083
1.078	0.54624	0.40598	0.34901	0.26529	0.2265	0.20944
1.08	0.54062	0.40567	0.35127	0.26588	0.22797	0.20803
1.082	0.5483	0.40556	0.34634	0.26485	0.22607	0.20596
1.084	0.54285	0.40397	0.35085	0.26369	0.22814	0.20923
1.086	0.54345	0.40528	0.35023	0.26544	0.22632	0.20759
1.088	0.54827	0.40638	0.34961	0.26395	0.22783	0.20781
1.09	0.54367	0.40489	0.3492	0.26601	0.22845	0.20708
1.092	0.54394	0.40394	0.34915	0.2652	0.22761	0.20839
1.094	0.54621	0.40777	0.35072	0.26447	0.2267	0.20715
1.096	0.54992	0.40816	0.3522	0.26504	0.2275	0.2065
1.098	0.54974	0.40634	0.35295	0.26572	0.22765	0.20874
1.1	0.54805	0.40876	0.35181	0.2626	0.22703	0.20577
1.102	0.55136	0.41037	0.35323	0.26577	0.22803	0.20922
1.104	0.54846	0.41003	0.35333	0.267	0.22908	0.20778
1.106	0.54978	0.40974	0.35207	0.26462	0.22535	0.20795
1.108	0.55133	0.40836	0.35315	0.26585	0.22755	0.20992
1.11	0.5506	0.4115	0.35361	0.26767	0.2281	0.20892
1.112	0.5482	0.40983	0.35293	0.26492	0.22754	0.20791
1.114	0.55423	0.40988	0.3535	0.26717	0.22672	0.20876
1.116	0.55374	0.40774	0.35707	0.26628	0.22913	0.20902
1.118	0.5525	0.41497	0.3551	0.26657	0.22999	0.20829
1.12	0.55122	0.4111	0.3519	0.26521	0.23026	0.21071
1.122	0.55367	0.41043	0.35481	0.26541	0.22702	0.21045
1.124	0.55016	0.40985	0.35292	0.2666	0.22892	0.21209
1.126	0.55337	0.41075	0.35445	0.26435	0.22996	0.21171
1.128	0.55404	0.41002	0.35386	0.26791	0.22943	0.20881
1.13	0.55552	0.41065	0.35588	0.26668	0.22911	0.20981
1.132	0.55221	0.41369	0.35463	0.26686	0.22922	0.2105
1.134	0.5577	0.41231	0.35633	0.26669	0.22796	0.21138
1.136	0.55585	0.41239	0.35661	0.26698	0.2291	0.21052
1.138	0.55827	0.413	0.35661	0.2673	0.22938	0.20933
1.14	0.55989	0.41338	0.35576	0.27168	0.23191	0.21317
1.142	0.55871	0.41545	0.35615	0.26927	0.22934	0.21137
1.144	0.55745	0.41474	0.35753	0.27043	0.23048	0.2111
1.146	0.55682	0.41287	0.35578	0.26908	0.22744	0.21029
1.148	0.56089	0.41392	0.35627	0.26968	0.23129	0.21047
1.15	0.55976	0.41632	0.35672	0.26667	0.23088	0.21033
1.152	0.56388	0.41625	0.35908	0.26706	0.23133	0.21065
1.154	0.5587	0.4184	0.35705	0.26883	0.22857	0.21133
1.156	0.56322	0.41558	0.3596	0.26754	0.23143	0.21388
1.158	0.56032	0.4195	0.35772	0.26803	0.2303	0.21066
1.16	0.56392	0.41436	0.35672	0.26858	0.22879	0.21184
1.162	0.55793	0.41657	0.36137	0.26934	0.23105	0.21229
1.164	0.56215	0.41935	0.35878	0.26981	0.23171	0.20948
1.166	0.56222	0.41745	0.3578	0.27062	0.23136	0.21158
1.168	0.56326	0.41938	0.35891	0.26991	0.23077	0.21164
1.17	0.56128	0.41765	0.35825	0.2692	0.2333	0.21268
1.172	0.565	0.41646	0.36319	0.27067	0.22916	0.21238
1.174	0.55959	0.42009	0.36058	0.2694	0.23302	0.21211
1.176	0.56463	0.41849	0.3599	0.26975	0.23048	0.21144
1.178	0.56221	0.42026	0.36206	0.27026	0.23274	0.2122
1.18	0.56604	0.42265	0.36106	0.26991	0.23193	0.21194
1.182	0.5687	0.42067	0.35741	0.27258	0.23181	0.21261
1.184	0.56515	0.42277	0.35847	0.27137	0.23286	0.21057
1.186	0.56736	0.42099	0.35999	0.27005	0.23553	0.21234
1.188	0.5648	0.41975	0.36199	0.27168	0.23125	0.21279
1.19	0.56538	0.42083	0.36393	0.2722	0.23073	0.21288
1.192	0.56533	0.42212	0.36042	0.27329	0.23087	0.21364
1.194	0.56915	0.42389	0.36225	0.26903	0.23276	0.21339
1.196	0.56953	0.42056	0.36385	0.27126	0.22908	0.21286
1.198	0.5719	0.42302	0.36188	0.26966	0.23355	0.21487
1.2	0.57055	0.42293	0.36487	0.27076	0.23248	0.21325
1.202	0.56853	0.42334	0.36259	0.2714	0.23359	0.21409
1.204	0.56914	0.423	0.36325	0.26994	0.23292	0.21259
1.206	0.56817	0.42287	0.36422	0.27106	0.23451	0.21195
1.208	0.5709	0.42563	0.36442	0.27236	0.23159	0.21364
1.21	0.57243	0.42567	0.3643	0.27274	0.23287	0.2125
1.212	0.56992	0.42691	0.36243	0.27332	0.23048	0.2161
1.214	0.57188	0.42576	0.36378	0.27308	0.23551	0.21657
1.216	0.57235	0.42638	0.36336	0.27199	0.23328	0.21369
1.218	0.57702	0.42516	0.36574	0.27114	0.23242	0.21161
1.22	0.57295	0.42445	0.36429	0.27154	0.2327	0.21404
1.222	0.57549	0.42385	0.36716	0.27302	0.2321	0.21395
1.224	0.57314	0.42737	0.36621	0.27221	0.23308	0.21238
1.226	0.57414	0.42461	0.36518	0.27175	0.23304	0.21426
1.228	0.57487	0.42749	0.36658	0.27369	0.23414	0.21421
1.23	0.57511	0.42622	0.36542	0.27304	0.23293	0.21201
1.232	0.57614	0.42782	0.36764	0.27382	0.23296	0.2164
1.234	0.57387	0.42989	0.36857	0.27272	0.2343	0.21501
1.236	0.57429	0.42917	0.36639	0.27666	0.23355	0.21461
1.238	0.57967	0.42701	0.36565	0.27364	0.23475	0.21589
1.24	0.57999	0.43153	0.36571	0.27419	0.23458	0.21709
1.242	0.575	0.42896	0.36575	0.27335	0.23408	0.21453
1.244	0.57438	0.4291	0.36843	0.2727	0.23364	0.21601
1.246	0.57798	0.42826	0.36773	0.27359	0.23368	0.21539
1.248	0.58013	0.43051	0.36786	0.27775	0.23461	0.21575
1.25	0.57775	0.43038	0.36791	0.2739	0.23429	0.21531
1.252	0.57824	0.43082	0.3683	0.27411	0.23513	0.2173
1.254	0.5775	0.43332	0.36772	0.27439	0.23568	0.21571
1.256	0.58153	0.43124	0.36993	0.27466	0.23633	0.21388
1.258	0.57837	0.43069	0.36723	0.27742	0.23564	0.21583
1.26	0.58242	0.4309	0.36864	0.27919	0.23474	0.2161
1.262	0.57972	0.43103	0.36838	0.27639	0.23868	0.21892
1.264	0.58131	0.43225	0.37041	0.276	0.23572	0.21374
1.266	0.58157	0.43207	0.36803	0.27704	0.23482	0.21625
1.268	0.58229	0.43338	0.37028	0.27612	0.23719	0.21648
1.27	0.58463	0.43141	0.36876	0.27659	0.23747	0.21458
1.272	0.58306	0.43247	0.37136	0.27554	0.23708	0.21599
1.274	0.58084	0.43391	0.37276	0.27855	0.23771	0.21855
1.276	0.58462	0.43467	0.36997	0.27729	0.23813	0.21746
1.278	0.58428	0.43689	0.37178	0.27759	0.23626	0.2168
1.28	0.58515	0.43599	0.37136	0.27743	0.23761	0.21785
1.282	0.587	0.43457	0.37228	0.2788	0.23697	0.21519
1.284	0.58794	0.43605	0.37379	0.27992	0.23823	0.21725
1.286	0.58491	0.43718	0.37403	0.28027	0.23737	0.21583
1.288	0.58603	0.43581	0.37222	0.28069	0.23833	0.21616
1.29	0.58682	0.43609	0.37171	0.27921	0.23866	0.21848
1.292	0.58422	0.43593	0.37247	0.27948	0.23719	0.21684
1.294	0.5885	0.43467	0.37294	0.27995	0.23848	0.21904
1.296	0.58626	0.43741	0.37153	0.28163	0.23951	0.2168
1.298	0.5872	0.43851	0.37422	0.2796	0.23889	0.21815
1.3	0.59048	0.43663	0.37378	0.28118	0.23944	0.21838
