Inj	tm40	tm30	tm20	tm10	t0	t10	t20	t30	t40	t50	t60	t70
0.2194375	0.352686814026838	0.348966119112556	0.34414170137399	0.339433990744087	0.334762488534968	0.330372496197728	0.326105405727424	0.319707932596373	0.313530900040265	0.307354706817348	0.304798106644179	0.298628795206894
0.2234165	0.353717355387163	0.349999142934644	0.345177835159914	0.340463720161857	0.335788109057538	0.331393638922825	0.327125846508694	0.320726777347414	0.31455855855841	0.308386643771383	0.305841344656262	0.299681276868385
0.2274676	0.354766570291614	0.351050885283389	0.346232743825447	0.341512108411248	0.336832313958011	0.33243328488755	0.328164777810277	0.321764083698493	0.315604838383205	0.309437279557886	0.306903486277461	0.300752829635127
0.2315922	0.355834821333282	0.35212170962533	0.347306791931358	0.34257951779967	0.337895464098094	0.33349179337811	0.329222558671404	0.322820210127281	0.31667010109342	0.31050697726098	0.307984898568147	0.301843823819844
0.2357916	0.356922445205749	0.353211953465107	0.348400317998362	0.343666284755434	0.338977894563658	0.334569498017409	0.330299522485645	0.323895489505899	0.317754682440768	0.311596074030213	0.309085922370093	0.302954603284349
0.2400671	0.3580297786026	0.354321954307363	0.349513660547173	0.344772745706847	0.340079940440574	0.335666732428354	0.331396002646569	0.324990254706472	0.318858918176966	0.312704907015128	0.310206898525073	0.304085511890457
0.2444202	0.35915721001643	0.355452101580529	0.350647210178614	0.345899288840422	0.341201988366384	0.336783881560453	0.332512383839066	0.326104889812217	0.319983195707837	0.313833865234432	0.311348220312055	0.305236946401801
0.2488521	0.360305050241317	0.356602706827352	0.351801279373346	0.347046224705366	0.342344347651123	0.33792125337331	0.333648973811046	0.327239702089708	0.321127824958043	0.31498325990309	0.312510202354214	0.306409224229286
0.2533645	0.361473739568869	0.357774211400056	0.352976310812301	0.348213993246392	0.343507456484007	0.339079284143033	0.334806208538716	0.328395126833262	0.322293244987518	0.316153531908968	0.313693290367717	0.307602795038362
0.2579587	0.36266361469267	0.358966952803281	0.354172643016194	0.34940293089181	0.344691649950906	0.340258307492528	0.335984421415647	0.329571496915	0.323479791547976	0.317345018401612	0.314897825194335	0.308818002690843
0.2626361	0.36387503820581	0.360181294503566	0.355390640545795	0.35061339994903	0.345897288913527	0.341458682708001	0.337183971481068	0.330769170812592	0.324687826218188	0.318558082465147	0.316124173894441	0.310055217499453
0.2673984	0.365108450399897	0.361417677853133	0.356630746082037	0.351845840362763	0.347124811561085	0.342680846065561	0.338405294711186	0.331988583820354	0.325917788058088	0.319793164987439	0.317372782184198	0.311314889129642
0.2722471	0.366364239767529	0.362676492280415	0.357893350225743	0.353100640319521	0.348374604531124	0.343925182514713	0.33964877579089	0.333230120021504	0.327170064473502	0.321050654987196	0.318644043342577	0.312597414345041
0.2771836	0.367642768901795	0.363958101251949	0.359178817537684	0.354378162126713	0.34964702868535	0.345192051341665	0.340914773759409	0.334494137893712	0.328445017043199	0.322330915548542	0.319938324429948	0.313903163458373
0.2822097	0.36894450399381	0.365262972081855	0.360487616738849	0.355678871608154	0.350942547988815	0.346481914485824	0.342203750238609	0.335781098336841	0.329743110654169	0.323634413493924	0.321256097381075	0.315232612585999
0.2873269	0.370269833536171	0.366591494198564	0.36182013843006	0.357003156950353	0.352261549079062	0.347795156896698	0.34351608991338	0.337091385434109	0.331064732712237	0.324961537842049	0.322597755474926	0.316586158491549
0.2925369	0.371619197820487	0.3679441089543	0.363176825292252	0.358351458098023	0.353604470145307	0.349132214850394	0.344852228759928	0.33842543447983	0.332410322277339	0.326312729480784	0.323963744427667	0.317964250840473
0.2978414	0.372993037138366	0.369321257701288	0.36455812000636	0.359724214995877	0.354971749376765	0.350493524623019	0.34621260275446	0.339783680768319	0.333780318409407	0.327688429297994	0.325354509955462	0.319367339298221
0.3032421	0.374391791781419	0.37072338179175	0.365964465253316	0.361121867588626	0.356363824962652	0.351879522490683	0.347597647873184	0.341166559593891	0.335175160168379	0.329089078181548	0.326770497774477	0.320795873530243
0.3087406	0.375815876141747	0.372150896616014	0.367396277674	0.362544829941882	0.357781109316346	0.35329061906619	0.349007774446647	0.342574480645311	0.336595260787133	0.33051509108473	0.328212127382278	0.32225027675108
0.3143389	0.377265808209479	0.373604321411991	0.368854078069511	0.36399361963766	0.359224117954573	0.354727327615552	0.350443495388034	0.344007956033538	0.338041136806769	0.33196698669915	0.329679923150825	0.323731077978907
0.3200387	0.378742028276225	0.375084097531904	0.370338309120783	0.365468676620672	0.360693289066546	0.356190084414876	0.351905246673553	0.345467421052886	0.339513227287223	0.333445205912673	0.331174330796282	0.325238726879176
0.3258419	0.380245028432605	0.376590718251768	0.371849465588859	0.366970492593831	0.362189112393155	0.357679377066869	0.353393515570729	0.346953362208766	0.341012022942539	0.334950241482329	0.332695848472011	0.326773726019152
0.3317503	0.381775274869736	0.378124650885701	0.373388016194728	0.368499533380951	0.363712051899451	0.359195667510942	0.354908763701429	0.348466240401038	0.342537988659706	0.336482560230562	0.334244948112773	0.328336551515195
0.3377658	0.383333259678239	0.379686388709719	0.374954455699434	0.370056290684945	0.365262597326322	0.360739443349801	0.356451478333177	0.350006542135115	0.344091615152771	0.338042654914403	0.335822127871931	0.329927705934572
0.3438904	0.384919500848243	0.381276450961732	0.376549304904076	0.371641282087829	0.366841264190492	0.362311217849456	0.358022172379159	0.351574779521953	0.345673418962832	0.339631044225457	0.337427912121443	0.331547718295458
0.350126	0.386534490470369	0.382895330917753	0.378173058569697	0.373254999292514	0.368448542232848	0.363911478612617	0.359621333106901	0.353171439066962	0.347283890803934	0.341248220920753	0.339062799014669	0.333197091165123
0.3564747	0.388178772434253	0.384543573777589	0.379826263537451	0.374897985760118	0.370084972745952	0.365540764568591	0.361249499075246	0.35479705848665	0.348923573044233	0.342894729626479	0.340727339142167	0.33487638001265
0.3629386	0.389852890629529	0.386221724741045	0.381509466648493	0.376570784951754	0.371751097022363	0.36719961464669	0.362907208843039	0.356452175497521	0.350593008051883	0.344571114968823	0.342422083094494	0.336586140307124
0.3695196	0.391557337146819	0.387930277084135	0.383223162663865	0.378273888570337	0.373447404802969	0.368888516449621	0.364594949677805	0.358137276604986	0.35229268654093	0.346277869704814	0.344147529025009	0.338326874615813
0.37622	0.393292707674771	0.389669827930457	0.384967950504831	0.380007891835184	0.375174488932003	0.370608060233296	0.366313311429707	0.359852950736647	0.354023202533637	0.3480155903298	0.345904279961467	0.340099191309619
0.3830419	0.395059546103019	0.391440922479816	0.386744377012545	0.381773338207409	0.376932890702025	0.372358784927022	0.368062832657589	0.361599735609009	0.355785098398159	0.349784821469969	0.347692886494423	0.341903645857628
0.3899874	0.396858396321199	0.393244105932017	0.388552989028161	0.383570771148127	0.378723151405596	0.374141229460111	0.369844051920295	0.363378168938579	0.357578916502653	0.35158610775151	0.349513899214435	0.343740793728924
0.3970589	0.398689879917464	0.395080001372553	0.390394411512996	0.385400811755757	0.380545889662785	0.375956009751774	0.371657584713647	0.365188865258506	0.359405276696436	0.353420071604353	0.351367947367852	0.345611269745319
0.4042587	0.400554592580461	0.396949205925019	0.392269243388316	0.387264055249614	0.382401698317823	0.377803716057919	0.373504020887807	0.367032413496392	0.361264773001775	0.355287309523846	0.353255633982429	0.347515682277715
0.411589	0.402453104099332	0.398852290751118	0.394178057535327	0.389161070969915	0.384291144439108	0.379684912971158	0.37538392464728	0.36890937697429	0.363157973613879	0.357188392070759	0.355177535867318	0.349454613246106
0.4190522	0.404386036062232	0.400789878936342	0.396121478915349	0.391092480015077	0.386214846646709	0.381600216410702	0.377297911487885	0.370820370225352	0.365085498382067	0.35912394167502	0.357134282268872	0.351428697472304
0.4266507	0.406354010057313	0.402762593566181	0.3981001324897	0.393058903483517	0.388173423560694	0.383550242295761	0.379246596905447	0.372766007782725	0.367047967155661	0.36109458076656	0.35912650243344	0.35343856977812
0.434387	0.408357673572236	0.404771083688025	0.400114669259754	0.395060988352753	0.390167519576969	0.385535632208847	0.381230622041444	0.374746929785108	0.369046025611033	0.363100957709889	0.361154851825972	0.355484891436274
0.4422636	0.410397674094663	0.40681599834926	0.402165740226883	0.397099381600304	0.392197779091438	0.38755702773247	0.38325062803736	0.376763776371198	0.37108031942456	0.365143720869515	0.363219985911415	0.357568323719486
0.450283	0.412474659112252	0.408897986597274	0.404253996392462	0.399174730203687	0.394264846500007	0.389615070449144	0.385307256034674	0.378817187679693	0.373151494272616	0.36722351860995	0.365322560154718	0.359689527900477
0.4584478	0.414589302012172	0.41101772344135	0.406380114797919	0.401287707019522	0.396369391974417	0.391710427604678	0.387401172820527	0.380907829454838	0.375260221658631	0.369341025230284	0.367463256239427	0.361849191702875
0.4667607	0.416742302081095	0.413175909852667	0.408544798524736	0.403439010783527	0.398512111462246	0.393843792108186	0.389533070827718	0.383036393046427	0.37740719891309	0.371496940964187	0.369642782067688	0.364048029301219
0.4752243	0.418934332706188	0.415373220840508	0.410748724614343	0.405629314352322	0.400693675135235	0.39601583120548	0.391703616843389	0.385203544198705	0.379593097539422	0.37369194011075	0.371861819323046	0.366286728419137
0.4838414	0.421166119073631	0.417610383337947	0.412992622188277	0.407859342340727	0.402914804716797	0.398227263468972	0.393913528945997	0.387409999867013	0.381818640695167	0.375926748838224	0.374121102126244	0.368566029682077
0.4926147	0.423438360470096	0.419888098316163	0.415277194328023	0.410129793484461	0.40517619615451	0.400478781807774	0.396163499568342	0.389656451401146	0.38408452571081	0.378202067380279	0.376421338379427	0.370886647264575
0.5015472	0.425751833880778	0.42220714463202	0.417603222235227	0.412441444156546	0.407478622723461	0.4027711561209	0.398454298080202	0.391943666967538	0.386391527398001	0.380518673774328	0.378763314640532	0.373249374693897
0.5106415	0.428107212692842	0.424568197294802	0.419971382951318	0.414794967213602	0.40982275459539	0.405105053654162	0.400786591268716	0.394272312310438	0.38874031726017	0.382877242319461	0.381147712593106	0.37565489969367
0.5199008	0.430505325690493	0.426972087085165	0.422382509758055	0.41719119078685	0.412209416597057	0.407481295633175	0.403161199794981	0.396643206807376	0.391131721763076	0.38527860292225	0.383575371232283	0.378104068692978
0.529328	0.432946923959419	0.429419566898079	0.42483735781703	0.419630865370212	0.41463935622771	0.409900626293651	0.405578867383115	0.399057093019243	0.393566489891314	0.387723507685528	0.386047050897403	0.380597648768175
0.5389261	0.43543278448481	0.431911415590408	0.427336708329892	0.42211476733671	0.417113346762437	0.412363815534604	0.408040363402894	0.401514739112475	0.396045396456535	0.390212734646706	0.388563538146405	0.383136433446526
0.5486983	0.437963736050874	0.434448463942809	0.429881394578398	0.424643724817567	0.419632213027995	0.414871684581649	0.410546508515415	0.404016964464605	0.398569267924496	0.392747113712357	0.391125671974423	0.385721269157113
0.5586477	0.440540581542308	0.437031516774042	0.432472223804252	0.427218540064904	0.422196754075308	0.4174250289971	0.413098097736115	0.406564562847619	0.401138904933905	0.395327448854473	0.393734265157993	0.388352975878108
0.5687774	0.443164123843811	0.439661378902868	0.435110003249156	0.429840015330846	0.424807768955296	0.420024644343272	0.415695926080429	0.409158328033501	0.403755108123464	0.397954544045046	0.396390130473651	0.391032373587685
0.5790909	0.445835269438109	0.44233895899563	0.437795644315033	0.432509056383916	0.427466159822229	0.422671428835679	0.418340891146431	0.411799156216428	0.4064187814401	0.400629306994391	0.399094185572325	0.393760388067652
0.5895913	0.448554821209899	0.445065061871088	0.440529954243587	0.435226465476238	0.430172725727027	0.425366178036636	0.421033787949558	0.414487841168384	0.409130725522516	0.4033525416745	0.401847243230551	0.396537839296183
0.6002822	0.451323711541414	0.44784062215748	0.443313870476795	0.437993174255437	0.432928394599794	0.42810981582496	0.423775539733542	0.417225304689095	0.411891870144692	0.406125181730267	0.404650247317855	0.399365679505993
0.6111669	0.454142795116364	0.450666496597358	0.44614825233647	0.440810036731838	0.435734017043126	0.430903189089565	0.426566992805139	0.420012391761641	0.414703067599444	0.408948083002845	0.40750406304797	0.402244781577075
0.622249	0.457013004316982	0.453543619818961	0.449034037264589	0.443677984553066	0.438590520987125	0.433747221709267	0.429409070408081	0.422850024185747	0.41756524766075	0.411822179137128	0.41040963429042	0.405176097742144
0.633532	0.45993524562599	0.45647290048863	0.451972136663076	0.446597923487646	0.441498808586058	0.436642811899584	0.432302670140442	0.425739098155589	0.420479314275537	0.414748377843432	0.413367878696135	0.40816055378301
0.6450197	0.462910503224634	0.459455325158394	0.454963540054018	0.449570836941406	0.444459859321701	0.439590934865932	0.435248766537273	0.428680586681987	0.423446248871892	0.41772766463581	0.416379792571836	0.411199154834207
0.6567156	0.465939683595637	0.462491802494598	0.458009158839338	0.452597630682872	0.447474575348322	0.442592488823826	0.438248257196647	0.431675385959118	0.426466955396742	0.420760947224576	0.41944629356845	0.414292826677543
0.6686236	0.469023796819751	0.465583345011164	0.461110008581178	0.455679313996971	0.450543961923532	0.445648474641985	0.441302142299275	0.43472449460335	0.42954244110523	0.423849237058367	0.422568404211298	0.417442600898462
0.6807475	0.472163827078218	0.468730939260123	0.464267078801626	0.458816870289532	0.453668998529108	0.448759867525826	0.444411396380208	0.437828885625505	0.432673687425447	0.426993519651237	0.425747120807101	0.420649482631499
0.6930913	0.475360810351296	0.471935623717293	0.46748141110288	0.462011334724582	0.456850716198496	0.451927694007367	0.447577045265816	0.440989583247496	0.435861727439592	0.430194832386402	0.428983492099776	0.423914529913006
0.7056589	0.478615756719735	0.475198410896601	0.470754021047081	0.465263716587051	0.46009012018931	0.455152954955327	0.45080008913681	0.444207586085694	0.439107568402809	0.433454186712497	0.432278540614645	0.427238774328426
0.7184543	0.481929702163792	0.478520339273867	0.474085950236428	0.468575051040966	0.463388241534997	0.458436676901722	0.454081553819558	0.447483918362013	0.4424122433973	0.436772620012739	0.435633315095623	0.430623273914112
0.7314818	0.485303760362241	0.481902525210596	0.477478318393283	0.47194645088766	0.466746188596515	0.461779963368472	0.457422542077409	0.450819681115015	0.445776862986427	0.440151247474085	0.439048942942424	0.434069166059142
0.7447455	0.488738993194848	0.485346033144504	0.480932193159897	0.475378977170261	0.470165018183147	0.465183866550897	0.460824105382391	0.454215924172162	0.449202486079447	0.443591132414331	0.442526499117561	0.437577535250779
0.7582497	0.492236514340386	0.488851979437098	0.484448694258634	0.478873742690102	0.473645838655851	0.468649489970916	0.464287346497852	0.457673748572014	0.452690223239723	0.447093390020434	0.446067111020748	0.4411495188781
0.7719988	0.49579746337714	0.492421506411781	0.48802896745191	0.482431886127613	0.477189784151418	0.472177962813749	0.467813393832799	0.46119428095868	0.456241210857675	0.450659161413932	0.449671932270292	0.444786280781092
0.7859972	0.49942297988339	0.496055756391954	0.491674158502143	0.486054546163227	0.480797988806644	0.475770414264616	0.471403375796237	0.464778647976267	0.459856585323724	0.454289587716362	0.453342116484505	0.448488984799745
0.8002494	0.503114229336927	0.499755897662916	0.495385439211805	0.489742887356475	0.484471612534155	0.479427999172036	0.475058446442834	0.46842800187443	0.463537508855342	0.457985835983842	0.457078843500292	0.452258821224953
0.8147601	0.506872429014551	0.503523150433754	0.499164033463478	0.493498126025093	0.488211866798255	0.483151923711133	0.478779811118574	0.472143546113922	0.467285195324116	0.46174912514165	0.460883345591757	0.456097033249432
0.8295339	0.510698770293557	0.507358708951662	0.503011139099689	0.497321452607713	0.492019937287409	0.486943368393726	0.482568649523781	0.475926458549945	0.471100832774575	0.465580648180486	0.464756828814406	0.460004837614986
0.8445755	0.514594470450748	0.511263793425728	0.50692798000302	0.50121408342207	0.495897035465918	0.490803539394937	0.48642616700444	0.479777942643251	0.474985635078304	0.469481624025628	0.468700525442342	0.463983477514329
0.8598899	0.518560824461443	0.515239701950728	0.510915858176218	0.505177312423199	0.499844450125592	0.494733719879789	0.490353645843514	0.483699278671235	0.478940893588051	0.473453349406095	0.472715746405461	0.468034275492902
0.875482	0.522599101401459	0.519287706659542	0.514976049581974	0.509212407687035	0.503863444282405	0.498735167350004	0.494352342678304	0.487691721305744	0.482967873829513	0.477497095116327	0.476803776415064	0.472158527645235
0.8913568	0.526710596246114	0.523409105646945	0.519109856223036	0.513320663168616	0.507955306728168	0.502809164970605	0.498423539791774	0.491756550824174	0.487067867155437	0.481614157885344	0.480965926401046	0.476357556516771
0.9075195	0.530896655769744	0.527605248931502	0.52331863218226	0.517503424581178	0.512121377806364	0.506957047233215	0.502568570758204	0.495895098715015	0.491242216572685	0.485805886311328	0.485203559730502	0.480632737554767
0.9239752	0.535158600847175	0.531877460569884	0.527603705502448	0.521762011758859	0.516362972084638	0.511180122966157	0.506788743506215	0.500108670861211	0.49549223926106	0.490073603057877	0.489518013551925	0.484985419755571
0.9407294	0.53949785595126	0.536227168466345	0.531966508386621	0.526097848052199	0.520681507233981	0.515479803650958	0.511085468547066	0.504398675567896	0.499819355708587	0.494418734526914	0.493910729888203	0.489417057919169
0.9577873	0.543915767856332	0.54065572263945	0.536408394917637	0.530512279174434	0.525078323597878	0.519857423779239	0.515460079455037	0.50876644432356	0.504224908922126	0.49884262931662	0.498383072106429	0.493929027492818
0.9751545	0.548413786934752	0.545164576955348	0.540930823338572	0.535006754355205	0.529554864623154	0.524314420495828	0.519914012387046	0.513213411038887	0.508710345216757	0.503346739763497	0.502936508448087	0.498522809727412
0.9928367	0.552993389458385	0.549755211242082	0.545535277932556	0.539582748703254	0.534112599532474	0.528852256608848	0.52444872914567	0.517741035230107	0.513277136734613	0.507932544138627	0.50757253337326	0.503199912324753
1.010839	0.557655896302059	0.554428949556323	0.550223086742392	0.544241582052717	0.538752842893484	0.533472240946625	0.529065537659529	0.522350622780163	0.517926600655499	0.512601365105611	0.512292484030443	0.50796168428119
1.029169	0.56240327582826	0.55918776500213	0.554996228812255	0.54898522121525	0.543477553669735	0.538176323919993	0.533766386998728	0.527044119710696	0.522660699835596	0.51735517369256	0.51709835303308	0.512810135865793
1.04783	0.5672363827207	0.564032514322053	0.559855563463958	0.553814520201176	0.548287582463823	0.542965352417865	0.538552123470019	0.531822371004786	0.527480286567717	0.522194825740625	0.521991005594902	0.517746139958552
1.06683	0.572157288939894	0.568965274467733	0.564803173901896	0.558731549338553	0.553184991342644	0.54784137950428	0.543424798726144	0.536687425106265	0.532387427016263	0.52712239601624	0.526972539203746	0.522771812632171
1.086175	0.577167548456226	0.573987603152901	0.569840622529365	0.563737861373425	0.558171326856369	0.552805944977263	0.548385951506656	0.541640818348009	0.537383670804532	0.532139440594228	0.532044526975486	0.52788874094118
1.10587	0.582268456245016	0.579100798472331	0.574969211349112	0.568834750260827	0.56324787779681	0.557860332001839	0.553436864094518	0.546683831007411	0.542470309285274	0.537247256203609	0.537208279840022	0.533098247431019
1.125922	0.587461825271715	0.584306677758709	0.580190763164982	0.574024027537811	0.568416448472499	0.563006337009038	0.558579331685877	0.551818255472825	0.547649150352339	0.54244765826501	0.542465633099207	0.538402183665305
1.146338	0.59274946850177	0.58960705834472	0.585507100780821	0.579307504741426	0.573678843191973	0.568245756429892	0.563815149476879	0.557045884132604	0.552922001899576	0.54774246219906	0.547818422054899	0.543802401207653
1.167124	0.598132939905568	0.595003497944094	0.590919786599925	0.584686734617716	0.579036608505402	0.57358013006243	0.569145856207079	0.562368253319622	0.558290413550284	0.553133224080583	0.553268219822974	0.549300487112593
1.188287	0.603614052448557	0.600497813889517	0.596430643426139	0.590163528703733	0.584491548721322	0.579011254337682	0.574573247072625	0.567787155422234	0.563756193198314	0.558621759330206	0.558816861705287	0.554898292943741
1.209834	0.609194619096187	0.606091823513673	0.60204149406331	0.595739698536526	0.590045468148267	0.58454092568668	0.580099117269663	0.57330438282879	0.569321148737514	0.564209883368557	0.564466183003695	0.560597670264714
1.231772	0.614876452813907	0.611787344149249	0.607754161315283	0.601417055653146	0.59570017109477	0.590170940540457	0.58572526199434	0.578921727927646	0.574987088061734	0.569899411616265	0.570218019020053	0.566400470639128
1.254107	0.620661107572101	0.617585933509973	0.613570207585353	0.607197152799636	0.601457204111004	0.59590283869704	0.591453219986211	0.584640727051675	0.580755560794274	0.575691900148152	0.576073942870238	0.572308281121512
1.276847	0.626550655331283	0.623489668547487	0.619491716077917	0.613082060304055	0.607318629263866	0.601738673220464	0.597285042898015	0.590463428644708	0.586628633099534	0.581589423730651	0.582036052042085	0.57832321778457
1.3	0.632547168051967	0.629500626213431	0.625520769997368	0.61907384849446	0.613286508620252	0.607680497174767	0.603222782382492	0.59639188115058	0.592608371141911	0.587594057130193	0.58810644402343	0.584447396701008
