Inj	tm40	tm30	tm20	tm10	t0	t10	t20	t30	t40	t50	t60	t70
0.001	0.01096	0.01343	0.009351	0.00908	0.00559	0.00467	-0.00644	-0.01954	-0.02504	-0.032604	-0.0418	-0.04404
0.001018133	0.008291	0.00939	0.0101	0.007131	0.007786	0.00158	-0.005	-0.0187	-0.026737	-0.0357	-0.04234	-0.04431
0.001036594	0.01159	0.00885	0.01174	0.00568	0.00579	0.00334	-0.006	-0.01994	-0.02762	-0.03341	-0.04157	-0.04388
0.00105539	0.01212	0.01064	0.01024	0.0115	0.00446	0.00463	-0.00702	-0.01927	-0.025569	-0.03399	-0.03923	-0.0432
0.001074527	0.01056	0.01152	0.01032	0.010555	0.008825	0.00173	-0.00742	-0.01847	-0.02724	-0.032095	-0.04253	-0.04192
0.001094011	0.01118	0.01006	0.010672	0.00915	0.007045	0.00626	-0.00828	-0.018201	-0.026397	-0.03378	-0.04069	-0.04342
0.001113849	0.01097	0.00953	0.01361	0.008795	0.00476	0.00452	-0.00942	-0.01954	-0.026065	-0.03393	-0.04083	-0.04317
0.001134046	0.01209	0.008299	0.00984	0.00869	0.008442	0.00414	-0.00871	-0.01727	-0.02377	-0.03224	-0.04157	-0.04332
0.001154609	0.01026	0.009535	0.010628	0.01153	0.00745	0.00364	-0.0063	-0.01523	-0.02477	-0.032743	-0.03799	-0.04465
0.001175545	0.00958	0.01332	0.00976	0.008281	0.00664	0.00198	-0.00675	-0.01817	-0.023371	-0.03562	-0.0394	-0.04271
0.001196861	0.00876	0.011488	0.01176	0.00765	0.00502	0.00224	-0.00465	-0.01875	-0.026147	-0.03319	-0.04034	-0.0427
0.001218563	0.01094	0.009516	0.01202	0.007474	0.007045	0.00361	-0.01029	-0.01608	-0.0229	-0.03296	-0.04341	-0.04466
0.001240659	0.0114	0.01073	0.00954	0.009582	0.007805	0.00066	-0.00761	-0.01843	-0.024579	-0.03344	-0.04064	-0.04545
0.001263155	0.01082	0.011351	0.01111	0.007437	0.009131	0.00277	-0.00746	-0.01757	-0.02383	-0.03376	-0.03972	-0.04396
0.00128606	0.00962	0.011166	0.010476	0.010911	0.00748	0.00234	-0.01084	-0.01705	-0.02447	-0.03261	-0.04116	-0.04494
0.00130938	0.01232	0.009614	0.010371	0.007905	0.010087	0.00439	-0.00979	-0.01454	-0.02448	-0.031454	-0.04164	-0.0441
0.001333122	0.01273	0.011818	0.008943	0.008711	0.00619	0.00432	-0.00786	-0.01707	-0.026904	-0.03398	-0.04114	-0.04398
0.001357295	0.00993	0.009443	0.010097	0.009502	0.00725	0.00316	-0.00778	-0.01549	-0.02591	-0.03348	-0.04196	-0.04337
0.001381906	0.0113	0.010513	0.01055	0.00547	0.00662	0.00143	-0.00651	-0.01839	-0.024535	-0.03427	-0.04042	-0.04534
0.001406964	0.011354	0.009481	0.008826	0.010257	0.0065	0.00188	-0.00838	-0.01737	-0.02522	-0.03255	-0.03888	-0.04366
0.001432476	0.011002	0.011444	0.0105	0.00758	0.00726	0.00404	-0.00858	-0.01926	-0.024154	-0.03419	-0.04178	-0.04373
0.001458451	0.009638	0.010229	0.006543	0.00906	0.00592	0.00315	-0.00825	-0.01768	-0.02369	-0.03231	-0.04185	-0.04568
0.001484896	0.01218	0.007881	0.009111	0.00552	0.00524	0.0021	-0.00888	-0.02034	-0.025463	-0.03376	-0.04012	-0.04388
0.001511821	0.0125	0.009865	0.011505	0.009604	0.0067	0.00236	-0.00673	-0.0167	-0.02415	-0.03351	-0.04184	-0.04349
0.001539235	0.01169	0.0128	0.010511	0.00766	0.00956	0.00444	-0.00804	-0.01826	-0.025592	-0.03179	-0.04109	-0.04404
0.001567145	0.011519	0.01352	0.008735	0.008046	0.00806	-0.000240000000000001	-0.00746	-0.01647	-0.024679	-0.031153	-0.04183	-0.04458
0.001595562	0.009222	0.009859	0.009536	0.010461	0.00573	0.00351	-0.00901	-0.0177	-0.02523	-0.03355	-0.04274	-0.04472
0.001624493	0.011653	0.00831	0.010811	0.012024	0.00541	0.000580000000000001	-0.00877	-0.01612	-0.026306	-0.03392	-0.03961	-0.04407
0.00165395	0.008531	0.009944	0.0101	0.008808	0.008393	0.00194	-0.00724	-0.01841	-0.0248	-0.0325	-0.04247	-0.04327
0.00168394	0.00865	0.0115	0.011695	0.00821	0.00895	0.00286	-0.0048	-0.01709	-0.0243	-0.032167	-0.04092	-0.04388
0.001714475	0.00936	0.011588	0.01098	0.01208	0.00728	0.00013	-0.00544	-0.01878	-0.02456	-0.032499	-0.04332	-0.04466
0.001745563	0.0065	0.008285	0.010236	0.010497	0.00619	0.00299	-0.01223	-0.019274	-0.02304	-0.032944	-0.04235	-0.04429
0.001777214	0.010791	0.010522	0.008641	0.009847	0.00776	0.00041	-0.00877	-0.01537	-0.02365	-0.03202	-0.04186	-0.04253
0.00180944	0.009458	0.009938	0.010064	0.009377	0.00635	0.00222	-0.00872	-0.01914	-0.02438	-0.03536	-0.04269	-0.04321
0.00184225	0.010441	0.010927	0.00883	0.005738	0.00855	0.00325	-0.00699	-0.01721	-0.024841	-0.03316	-0.04433	-0.04541
0.001875655	0.011905	0.010383	0.011048	0.00988	0.008627	0.00271	-0.00861	-0.0189	-0.02391	-0.03497	-0.04236	-0.04328
0.001909665	0.01068	0.011114	0.0072	0.010109	0.00893	0.00032	-0.00663	-0.01543	-0.026514	-0.030751	-0.04194	-0.04232
0.001944293	0.010879	0.010613	0.00733	0.010573	0.0067	0.00571	-0.00794	-0.01638	-0.02447	-0.0347	-0.04236	-0.04484
0.001979548	0.010369	0.011436	0.011591	0.0119	0.00558	0.00122	-0.00819	-0.01934	-0.02429	-0.033289	-0.04205	-0.04449
0.002015442	0.01078	0.012297	0.011803	0.01028	0.00862	0.00178	-0.01074	-0.01936	-0.025756	-0.033707	-0.04089	-0.04286
0.002051988	0.011108	0.01053	0.00843	0.009843	0.00719	0.00264	-0.00867	-0.01628	-0.02301	-0.03256	-0.04323	-0.04454
0.002089196	0.010911	0.00904	0.010449	0.0084	0.00613	0.00136	-0.01221	-0.01655	-0.02564	-0.031613	-0.04351	-0.04349
0.002127078	0.011908	0.009949	0.010624	0.011955	0.00864	0.00249	-0.00975	-0.01801	-0.02541	-0.031573	-0.04334	-0.04373
0.002165648	0.01061	0.00817	0.01014	0.009717	0.00848	0.00266	-0.00827	-0.01502	-0.02501	-0.031088	-0.04308	-0.04367
0.002204917	0.010663	0.009975	0.009766	0.00669	0.00646	0.00442	-0.00818	-0.0147	-0.025194	-0.03066	-0.04144	-0.0439
0.002244898	0.009687	0.009071	0.01007	0.00989	0.00713	0.00325	-0.00951	-0.01896	-0.02454	-0.033133	-0.04087	-0.04446
0.002285604	0.011036	0.009412	0.00928	0.013278	0.00698	0.0035	-0.0089	-0.01737	-0.02472	-0.02946	-0.04308	-0.0453
0.002327048	0.011887	0.011446	0.01257	0.010725	0.00773	0.000580000000000001	-0.00866	-0.01877	-0.02467	-0.031585	-0.04129	-0.04496
0.002369244	0.011073	0.01023	0.00944	0.00802	0.00709	-0.00052	-0.00884	-0.01624	-0.02354	-0.0306	-0.04343	-0.04219
0.002412204	0.01113	0.00856	0.010306	0.00944	0.0057	0.00479	-0.00797	-0.017	-0.02484	-0.032561	-0.04157	-0.04342
0.002455944	0.010582	0.01056	0.00905	0.01021	0.00886	0.00164	-0.00677	-0.01919	-0.026936	-0.033026	-0.04221	-0.04349
0.002500477	0.011902	0.00958	0.00995	0.00931	0.00489	0.00342	-0.00922	-0.01661	-0.02408	-0.031408	-0.04063	-0.04503
0.002545817	0.01044	0.00844	0.012205	0.01072	0.01173	0.00225	-0.00841	-0.01847	-0.02417	-0.033611	-0.04095	-0.04521
0.00259198	0.01004	0.010678	0.012656	0.011666	0.00772	0.00086	-0.01315	-0.01744	-0.0252	-0.03149	-0.04085	-0.04434
0.002638979	0.01102	0.0098	0.0108	0.00838	0.00615	0.00432	-0.00799	-0.01621	-0.02532	-0.033425	-0.0416	-0.04409
0.002686831	0.00975	0.010541	0.010102	0.008792	0.00621	0.00175	-0.00881	-0.01538	-0.02617	-0.033329	-0.04053	-0.04588
0.00273555	0.00916	0.010667	0.0108	0.00989	0.00599	0.00079	-0.01153	-0.0179	-0.024	-0.031793	-0.03939	-0.04284
0.002785153	0.00841	0.01041	0.0097	0.00987	0.00907	0.0001	-0.00729	-0.01664	-0.02424	-0.033707	-0.03851	-0.04551
0.002835655	0.01109	0.00874	0.00986	0.00945	0.00702	-0.00133	-0.00771	-0.01805	-0.02333	-0.032391	-0.04	-0.0435
0.002887073	0.01132	0.011301	0.01113	0.01071	0.00843	0.00219	-0.00773	-0.01757	-0.02695	-0.03155	-0.037472	-0.04369
0.002939423	0.01179	0.00842	0.00883	0.00974	0.01145	0.00082	-0.00747	-0.01567	-0.02673	-0.03052	-0.04004	-0.04185
0.002992723	0.01082	0.00895	0.01204	0.00738	0.00794	0.00219	-0.01037	-0.01785	-0.02356	-0.032228	-0.03983	-0.04158
0.003046989	0.01051	0.01263	0.01227	0.00504	0.00744	0.00129	-0.00738	-0.01532	-0.02571	-0.03058	-0.0421	-0.04159
0.003102239	0.01067	0.01053	0.00882	0.00886	0.00808	0.00289	-0.00833	-0.0189	-0.02551	-0.0298	-0.03962	-0.04355
0.003158491	0.00988	0.01196	0.0122	0.00765	0.00701	0.00083	-0.01053	-0.01605	-0.0248	-0.03059	-0.039395	-0.042663
0.003215763	0.00931	0.00912	0.01011	0.01036	0.00891	0.00123	-0.00834	-0.01545	-0.02543	-0.032983	-0.04125	-0.04443
0.003274073	0.01053	0.00809	0.013485	0.00834	0.00641	0.00273	-0.00877	-0.01757	-0.02451	-0.034903	-0.04052	-0.04281
0.003333441	0.01039	0.01094	0.0092	0.00879	0.00814	0.00345	-0.00708	-0.01759	-0.0268	-0.034186	-0.039581	-0.04413
0.003393885	0.01253	0.01024	0.00782	0.01072	0.01004	0.00077	-0.00716	-0.01652	-0.02454	-0.0337	-0.037221	-0.0437
0.003455425	0.01088	0.00953	0.01008	0.01071	0.00777	0.00444	-0.00672	-0.01537	-0.02641	-0.03381	-0.038394	-0.04357
0.003518081	0.00868	0.01227	0.00874	0.01105	0.00724	0.00109	-0.00917	-0.01714	-0.02551	-0.034144	-0.037902	-0.04469
0.003581873	0.01125	0.01118	0.01008	0.01	0.00612	0.00035	-0.00636	-0.01719	-0.02494	-0.03297	-0.03969	-0.04518
0.003646822	0.0098	0.00912	0.00951	0.00864	0.0067	0.00405	-0.00719	-0.0158	-0.0233	-0.03302	-0.038388	-0.041899
0.003712949	0.01185	0.00935	0.00841	0.01031	0.00499	0.00328	-0.00844	-0.01775	-0.02425	-0.03183	-0.039303	-0.042154
0.003780274	0.01203	0.01175	0.01126	0.00937	0.00801	0.00193	-0.01019	-0.01698	-0.02831	-0.03168	-0.039169	-0.042031
0.003848821	0.01151	0.01024	0.01017	0.01019	0.00829	0.00252	-0.0092	-0.01742	-0.02598	-0.03193	-0.040333	-0.04115
0.00391861	0.0123	0.01095	0.01261	0.00845	0.00699	0.00106	-0.00649	-0.01685	-0.02622	-0.03357	-0.038061	-0.04225
0.003989665	0.01347	0.01253	0.01044	0.00958	0.00704	0.00426	-0.00888	-0.01735	-0.02497	-0.03326	-0.040257	-0.0444
0.004062008	0.01069	0.012	0.01159	0.00858	0.00638	0.0033	-0.00769	-0.01573	-0.02546	-0.03299	-0.04161	-0.040691
0.004135663	0.012	0.01123	0.00804	0.01039	0.0062	0.00664	-0.00876	-0.01859	-0.0238	-0.03286	-0.038649	-0.043617
0.004210654	0.00883	0.01254	0.0106	0.00834	0.00954	0.00098	-0.0048	-0.01676	-0.0243	-0.03056	-0.03807	-0.04429
0.004287004	0.01099	0.01005	0.01093	0.00996	0.00817	0.00164	-0.00589	-0.02013	-0.02648	-0.03358	-0.038391	-0.043816
0.004364739	0.01162	0.01167	0.00759	0.01231	0.00777	0.0024	-0.00972	-0.02027	-0.02577	-0.03165	-0.03683	-0.042791
0.004443883	0.01029	0.01165	0.01039	0.00863	0.00794	0.00308	-0.00847	-0.01964	-0.02414	-0.03242	-0.038711	-0.042022
0.004524463	0.01123	0.00828	0.00896	0.00785	0.01007	0.00297	-0.0071	-0.02028	-0.02594	-0.03451	-0.038699	-0.043259
0.004606503	0.01127	0.01215	0.01073	0.00964	0.00853	0.00363	-0.00946	-0.02081	-0.02423	-0.03211	-0.039587	-0.043052
0.004690032	0.01011	0.01223	0.01086	0.01023	0.00803	0.00112	-0.00623	-0.01722	-0.02582	-0.03227	-0.038735	-0.043314
0.004775074	0.01065	0.00893	0.01133	0.00721	0.00734	0.00355	-0.00821	-0.01908	-0.0244	-0.03204	-0.03689	-0.04483
0.004861659	0.01108	0.00928	0.01221	0.00946	0.00483	0.00382	-0.01017	-0.01909	-0.02322	-0.03108	-0.038233	-0.04222
0.004949814	0.01047	0.01411	0.00966	0.00964	0.00731	0.00313	-0.01005	-0.01472	-0.02657	-0.03434	-0.0382	-0.04316
0.005039567	0.01179	0.00976	0.00983	0.0094	0.00909	0.00112	-0.00884	-0.0193	-0.02156	-0.03088	-0.039198	-0.043109
0.005130948	0.01009	0.0094	0.01124	0.00983	0.00922	0.00389	-0.00902	-0.01698	-0.02662	-0.03312	-0.03787	-0.04139
0.005223986	0.01101	0.0096	0.01307	0.01219	0.00695	0.0025	-0.00747	-0.01678	-0.0236	-0.03299	-0.038078	-0.042507
0.00531871	0.01088	0.00901	0.00943	0.00919	0.0075	0.00012	-0.00885	-0.01887	-0.02543	-0.03103	-0.03754	-0.042264
0.005415153	0.00939	0.01207	0.00678	0.00845	0.00684	0.00226	-0.0083	-0.01647	-0.02624	-0.03199	-0.03792	-0.043562
0.005513344	0.01013	0.00934	0.0112	0.01049	0.00785	0.00224	-0.00631	-0.01631	-0.02442	-0.03209	-0.03801	-0.04329
0.005613316	0.01216	0.00989	0.00894	0.00949	0.00755	0.00149	-0.00788	-0.01759	-0.02357	-0.03214	-0.0373	-0.043767
0.0057151	0.01192	0.00951	0.01012	0.01119	0.00723	0.00172	-0.00858	-0.01757	-0.02379	-0.03189	-0.03909	-0.043551
0.00581873	0.01073	0.01048	0.01002	0.00747	0.00898	0.0022	-0.00644	-0.01463	-0.027	-0.03113	-0.03843	-0.042483
0.005924239	0.01063	0.00914	0.01241	0.01098	0.00833	0.00286	-0.00865	-0.01781	-0.02208	-0.03277	-0.03874	-0.04162
0.006031661	0.01095	0.01015	0.01102	0.01166	0.01012	0.000959999999999999	-0.006	-0.01589	-0.0235	-0.031	-0.0392	-0.04235
0.006141031	0.01078	0.0092	0.01196	0.00917	0.00858	0.00411	-0.00682	-0.01696	-0.02389	-0.03246	-0.03818	-0.044104
0.006252384	0.01216	0.01088	0.0086	0.00897	0.01087	0.00224	-0.00876	-0.01747	-0.02404	-0.03299	-0.03729	-0.044664
0.006365757	0.00967	0.0118	0.01191	0.00826	0.00611	0.00232	-0.00992	-0.01634	-0.02505	-0.03319	-0.040319	-0.044087
0.006481185	0.01199	0.00979	0.01074	0.00955	0.0078	-0.00121	-0.00685	-0.0156	-0.02448	-0.03094	-0.03798	-0.044514
0.006598706	0.01212	0.00974	0.009	0.01065	0.00616	0.000889999999999998	-0.00693	-0.01649	-0.02237	-0.03052	-0.0374	-0.04134
0.006718358	0.01203	0.00735	0.01154	0.01122	0.00532	0.00295	-0.0073	-0.01421	-0.02062	-0.03041	-0.03875	-0.04214
0.00684018	0.01008	0.0129	0.01068	0.00997	0.0052	0.00236	-0.00992	-0.01508	-0.0227	-0.03212	-0.03634	-0.044033
0.00696421	0.01207	0.01173	0.01011	0.00708	0.0068	0.000609999999999999	-0.007	-0.01759	-0.02486	-0.03017	-0.03863	-0.04275
0.00709049	0.00988	0.00899	0.01057	0.01011	0.00837	0.00239	-0.00999	-0.01677	-0.02334	-0.03133	-0.03756	-0.04318
0.00721906	0.00925	0.00806	0.00863	0.00789	0.00848	0.000920000000000001	-0.00957	-0.01633	-0.02194	-0.03267	-0.0372	-0.04157
0.00734996	0.01083	0.01132	0.00948	0.00996	0.01063	0.0037	-0.00802	-0.01483	-0.02543	-0.03319	-0.03962	-0.04109
0.007483235	0.01242	0.00842	0.00868	0.00785	0.00885	-0.00034	-0.0051	-0.01728	-0.02372	-0.03167	-0.03912	-0.04062
0.007618926	0.01292	0.00663	0.01278	0.00821	0.00626	0.000439999999999999	-0.00787	-0.01717	-0.02319	-0.03201	-0.03831	-0.0397
0.007757077	0.01048	0.01201	0.00966	0.00819	0.00793	0.00462	-0.01029	-0.0137	-0.02262	-0.03163	-0.03786	-0.04243
0.007897733	0.01065	0.01154	0.00878	0.01028	0.00814	0.0021	-0.00946	-0.01715	-0.01909	-0.03051	-0.03861	-0.04114
0.00804094	0.01	0.0121	0.0092	0.00838	0.00498	0.00248	-0.00623	-0.01604	-0.02252	-0.02997	-0.03586	-0.04007
0.008186744	0.00959	0.01101	0.00893	0.00934	0.00602	0.00151	-0.00395	-0.01711	-0.02134	-0.03091	-0.03818	-0.04212
0.008335191	0.00889	0.01198	0.01126	0.01002	0.00613	0.00238	-0.0076	-0.01518	-0.02209	-0.03247	-0.03789	-0.03912
0.008486331	0.01029	0.01081	0.01015	0.01179	0.00613	0.00017	-0.00838	-0.01576	-0.02605	-0.03193	-0.0395	-0.04072
0.00864021	0.01274	0.01292	0.00871	0.00774	0.00627	0.00223	-0.00825	-0.01459	-0.02562	-0.03339	-0.03492	-0.03984
0.00879688	0.00852	0.01043	0.01156	0.00832	0.00567	-2.00000000000027e-05	-0.00932	-0.0166	-0.02325	-0.03105	-0.03685	-0.03995
0.008956391	0.00803	0.01049	0.00782	0.01053	0.00719	0.00191	-0.01009	-0.01583	-0.02264	-0.03195	-0.03741	-0.04332
0.009118794	0.00991	0.0087	0.01074	0.00844	0.00522	0.00068	-0.00734	-0.01703	-0.02544	-0.03378	-0.0377	-0.04308
0.009284142	0.01152	0.00734	0.01123	0.00857	0.00891	0.00171	-0.00736	-0.01456	-0.02337	-0.03112	-0.03849	-0.04347
0.009452489	0.00933	0.01087	0.01068	0.00984	0.00739	-0.0036	-0.00654	-0.01709	-0.02333	-0.03013	-0.03819	-0.04224
0.009623887	0.009	0.00952	0.00938	0.00901	0.00593	-0.0016	-0.00812	-0.01715	-0.0229	-0.03197	-0.03669	-0.04312
0.009798394	0.01076	0.00975	0.00838	0.00668	0.00518	0.000470000000000002	-0.00967	-0.01705	-0.02217	-0.03063	-0.03738	-0.04311
0.009976065	0.00801	0.00618	0.01043	0.00628	0.00739	0.00158	-0.00913	-0.01624	-0.02431	-0.03129	-0.0381	-0.04273
0.01015696	0.00687	0.00949	0.00994	0.00939	0.00398	-0.000560000000000001	-0.00924	-0.01759	-0.02116	-0.03082	-0.03447	-0.0432
0.01034113	0.00776	0.00741	0.00911	0.01203	0.00576	0.00214	-0.00826	-0.01559	-0.02614	-0.03168	-0.03742	-0.04264
0.01052864	0.01036	0.00885	0.00868	0.0069	0.00612	0.00276	-0.00669	-0.01849	-0.02431	-0.03208	-0.03733	-0.04256
0.01071955	0.01084	0.00811	0.01077	0.00844	0.00585	-0.00129	-0.0075	-0.01332	-0.02379	-0.03222	-0.03533	-0.04226
0.01091393	0.01051	0.00747	0.01001	0.00841	0.00528	0.000839999999999997	-0.00838	-0.01541	-0.02053	-0.03247	-0.03669	-0.04204
0.01111183	0.00963	0.01202	0.01064	0.0087	0.00635	0.00212	-0.00652	-0.01633	-0.02351	-0.03194	-0.03577	-0.04227
0.01131331	0.00757	0.0106	0.00896	0.00834	0.00669	0.00155	-0.00763	-0.01655	-0.02403	-0.0309	-0.03684	-0.04221
0.01151845	0.00962	0.00746	0.00996	0.00804	0.00719	-0.000629999999999999	-0.0085	-0.01746	-0.02421	-0.03056	-0.03521	-0.0408
0.01172732	0.01077	0.0106	0.00981	0.01067	0.00556	0.000229999999999998	-0.00933	-0.01689	-0.02251	-0.02994	-0.03485	-0.0415
0.01193996	0.01232	0.00835	0.00954	0.00612	0.00673	0.00221	-0.00622	-0.01617	-0.02392	-0.02983	-0.03437	-0.04161
0.01215647	0.00909	0.01196	0.00762	0.01154	0.00469	-0.001	-0.00839	-0.01488	-0.02334	-0.03235	-0.03567	-0.04139
0.01237689	0.00893	0.00922	0.00952	0.00762	0.00706	0.00283	-0.00981	-0.01465	-0.02025	-0.03114	-0.03581	-0.04225
0.01260132	0.00904	0.008	0.00987	0.00908	0.00628	0.00195	-0.0067	-0.01435	-0.02195	-0.0314	-0.03529	-0.04217
0.01282982	0.00837	0.00819	0.00987	0.00763	0.00622	0.00033	-0.00591	-0.0155	-0.0225	-0.02962	-0.03592	-0.04235
0.01306246	0.00983	0.01019	0.00831	0.00702	0.00571	0.000120000000000002	-0.00554	-0.01121	-0.02119	-0.03205	-0.03575	-0.04124
0.01329931	0.00768	0.00933	0.00991	0.00958	0.00765	-0.0025	-0.00728	-0.01708	-0.02362	-0.03046	-0.03618	-0.04207
0.01354046	0.008	0.00758	0.00785	0.00913	0.00784	0.000869999999999999	-0.00777	-0.01557	-0.02474	-0.02995	-0.03588	-0.04162
0.01378599	0.00919	0.00865	0.01019	0.0078	0.00739	0.000869999999999999	-0.00793	-0.01516	-0.02199	-0.0312	-0.03572	-0.04215
0.01403597	0.00987	0.00995	0.00971	0.00737	0.00783	0.00133	-0.00854	-0.01424	-0.02152	-0.03125	-0.03363	-0.04207
0.01429047	0.00767	0.00912	0.0103	0.00847	0.00729	-0.00084	-0.00636	-0.01521	-0.02121	-0.03125	-0.03656	-0.04169
0.0145496	0.00918	0.00783	0.00658	0.00652	0.00518	0.00103	-0.00645	-0.01374	-0.02207	-0.0302	-0.03798	-0.04115
0.01481342	0.00834	0.00641	0.0095	0.01004	0.00532	-0.000579999999999997	-0.00657	-0.01367	-0.02012	-0.02923	-0.03465	-0.04244
0.01508203	0.00696	0.0089	0.00797	0.00941	0.00798	0.000809999999999998	-0.00393	-0.01547	-0.02041	-0.03061	-0.03417	-0.04213
0.01535551	0.00926	0.00882	0.01075	0.00847	0.00608	0.00216	-0.00671	-0.01261	-0.01923	-0.03101	-0.03558	-0.04092
0.01563394	0.00882	0.00788	0.01003	0.00846	0.00534	-0.00103	-0.00697	-0.01343	-0.02207	-0.03073	-0.03522	-0.04173
0.01591743	0.00906	0.00875	0.009	0.00665	0.00737	0.000449999999999999	-0.00521	-0.01504	-0.02192	-0.0292	-0.03565	-0.04042
0.01620605	0.00895	0.00681	0.00728	0.00876	0.00545	0.00325	-0.00853	-0.01584	-0.02158	-0.03034	-0.03779	-0.04086
0.01649991	0.00943	0.00674	0.01017	0.0065	0.0036	0.000580000000000001	-0.00717	-0.01725	-0.02105	-0.0302	-0.0355	-0.04009
0.0167991	0.00827	0.00904	0.00754	0.00834	0.00666	-0.000990000000000001	-0.00684	-0.01585	-0.02053	-0.03104	-0.03344	-0.04006
0.01710371	0.00947	0.00958	0.00718	0.00578	0.00701	0.000189999999999999	-0.00724	-0.01528	-0.02224	-0.03176	-0.03548	-0.04167
0.01741385	0.00806	0.00813	0.00653	0.00401	0.00661	0.00258	-0.00648	-0.01592	-0.02449	-0.03074	-0.03328	-0.04097
0.01772961	0.00814	0.00883	0.00904	0.00728	0.00742	0.00115	-0.00737	-0.01733	-0.02087	-0.02893	-0.03517	-0.04018
0.01805109	0.0085	0.00924	0.01031	0.00984	0.00397	0.00018	-0.006	-0.02051	-0.02026	-0.02989	-0.03547	-0.04267
0.01837841	0.00705	0.01088	0.00722	0.00796	0.00276	0.00017	-0.0061	-0.01831	-0.02083	-0.0279	-0.03628	-0.04352
0.01871165	0.00842	0.00885	0.00716	0.00642	0.00294	0.00225	-0.00676	-0.01597	-0.02023	-0.02887	-0.03627	-0.03944
0.01905095	0.0091	0.00916	0.00907	0.00922	0.00505	-0.00118	-0.00588	-0.01402	-0.02607	-0.02974	-0.03403	-0.04102
0.01939639	0.0081	0.00822	0.00733	0.00785	0.00627	0.00319	-0.00694	-0.0144	-0.02238	-0.02999	-0.03488	-0.04175
0.0197481	0.0084	0.00731	0.00893	0.00712	0.004	0.000289999999999999	-0.00699	-0.01413	-0.01988	-0.02897	-0.03543	-0.04098
0.02010618	0.00861	0.00823	0.00937	0.0077	0.00624	0.000999999999999994	-0.00552	-0.01447	-0.01974	-0.0291	-0.03514	-0.04014
0.02047076	0.00695	0.00867	0.00986	0.0046	0.00501	0.000919999999999997	-0.00581	-0.0147	-0.02073	-0.02819	-0.03486	-0.04144
0.02084195	0.00827	0.00842	0.00879	0.00702	0.00498	-0.000629999999999999	-0.00613	-0.01786	-0.02161	-0.02869	-0.03343	-0.0426
0.02121987	0.00796	0.00947	0.0081	0.01089	0.00487	0.00132	-0.00507	-0.01782	-0.02149	-0.03008	-0.03411	-0.03995
0.02160465	0.00779	0.00703	0.00754	0.00865	0.00391	-0.000410000000000001	-0.00502	-0.01697	-0.02035	-0.02887	-0.03476	-0.04073
0.0219964	0.00845	0.00905	0.00908	0.00852	0.00378	0.00207	-0.00627	-0.01198	-0.01993	-0.03088	-0.03484	-0.03977
0.02239525	0.00885	0.00931	0.00904	0.00845	0.00454	0.00254	-0.00558	-0.01345	-0.02109	-0.02676	-0.03461	-0.03978
0.02280133	0.00741	0.00608	0.00883	0.007	0.00283000000000001	0.00108	-0.00588	-0.01518	-0.01932	-0.02847	-0.03408	-0.04093
0.02321478	0.00899	0.00709	0.00717	0.00746	0.00625999999999999	0.00025	-0.00881000000000001	-0.01319	-0.01933	-0.02921	-0.03515	-0.04101
0.02363573	0.00726	0.00651	0.00804	0.00897	0.00692	-0.000109999999999999	-0.00538	-0.0117	-0.02028	-0.02896	-0.03628	-0.04076
0.02406431	0.00828	0.00831	0.00752000000000001	0.00783	0.00109	-8.00000000000037e-05	-0.00592	-0.01375	-0.02252	-0.02808	-0.0338	-0.04048
0.02450066	0.00723	0.01028	0.00634	0.00838	0.00618	0.00331	-0.00643	-0.01447	-0.02311	-0.02644	-0.03385	-0.04011
0.02494492	0.00684000000000001	0.00926	0.00979	0.01112	0.00387000000000001	0.00239	-0.00727	-0.01756	-0.02244	-0.02902	-0.03426	-0.03858
0.02539724	0.00729	0.00935	0.00819	0.00658	0.00455000000000001	0.00266	-0.00631	-0.01567	-0.02137	-0.02684	-0.03523	-0.03949
0.02585776	0.00667	0.01068	0.00868	0.00869	0.00664	0.00109	-0.00815	-0.01327	-0.02089	-0.02552	-0.03217	-0.04088
0.02632663	0.0079	0.00861000000000001	0.00792	0.0067	0.00576	0.00102	-0.00745	-0.01414	-0.01994	-0.02798	-0.03315	-0.03956
0.026804	0.00681	0.0081	0.00804	0.00815	0.00468	0.00287	-0.0063	-0.01375	-0.02095	-0.02655	-0.03072	-0.04069
0.02729003	0.00707	0.00767	0.00956	0.00835	0.00539	0.00198	-0.00682	-0.01416	-0.01982	-0.02657	-0.03378	-0.04237
0.02778487	0.00894	0.0094	0.00856000000000001	0.00863	0.00567	0.001	-0.00652	-0.0129	-0.0194	-0.02786	-0.03381	-0.0396
0.02828868	0.00882	0.00848	0.0058	0.00745000000000001	0.0055	0.00173	-0.00701	-0.01455	-0.02	-0.02713	-0.0346	-0.03968
0.02880163	0.00791	0.00862	0.00767	0.00702	0.00371	7.00000000000006e-05	-0.00564	-0.01391	-0.02026	-0.02583	-0.03225	-0.03913
0.02932388	0.00701	0.00953	0.00795	0.00799	0.00496	0.0028	-0.00602	-0.0178	-0.02114	-0.02735	-0.03498	-0.03908
0.0298556	0.00889	0.00771	0.00881000000000001	0.00878	0.00627	-0.000199999999999999	-0.0094	-0.01765	-0.01993	-0.02647	-0.03285	-0.03901
0.03039696	0.00874	0.00883	0.00682	0.00528	0.00367	0.00337	-0.00535	-0.01533	-0.02073	-0.02785	-0.03324	-0.03971
0.03094814	0.00769	0.00867	0.00589	0.00827	0.00462	0.000969999999999999	-0.0107	-0.01468	-0.02122	-0.02716	-0.03211	-0.03938
0.03150931	0.00776	0.00628	0.00903	0.00743	0.00476	0.000739999999999998	-0.00819	-0.01571	-0.02	-0.02834	-0.03463	-0.03906
0.03208066	0.00870000000000001	0.00975	0.00665	0.00739	0.00403	-0.00115	-0.00983000000000001	-0.01665	-0.02025	-0.02694	-0.03481	-0.03807
0.03266237	0.00625	0.00689	0.00788999999999999	0.00622	0.00523000000000001	0.00239	-0.00658	-0.01516	-0.01984	-0.02895	-0.03223	-0.03869
0.03325462	0.00714	0.00483	0.01027	0.00797	0.00598	0.00117999999999999	-0.00605	-0.01456	-0.02162	-0.02849	-0.0325	-0.03923
0.03385762	0.00851	0.00705	0.00807	0.00865	0.0056	0.00112	-0.00627	-0.0158	-0.02147	-0.02794	-0.03272	-0.03852
0.03447155	0.00742	0.00744	0.0077	0.00924000000000001	0.00462	-0.00106999999999999	-0.0065	-0.01381	-0.01983	-0.02628	-0.0344	-0.03922
0.03509661	0.00982	0.00747	0.00761000000000001	0.00725	0.00574	0.00106	-0.00809	-0.01496	-0.02107	-0.02747	-0.03312	-0.03909
0.035733	0.00627	0.0088	0.00762	0.00841	0.00416	0.000140000000000001	-0.00685	-0.01382	-0.02065	-0.0283	-0.03336	-0.04122
0.03638094	0.00848	0.0089	0.00788	0.00801	0.00216	-5.00000000000014e-05	-0.0086	-0.01412	-0.02106	-0.02908	-0.03337	-0.03965
0.03704062	0.00848	0.00668999999999999	0.00862	0.00712	0.00534	0.00219	-0.00581	-0.01528	-0.02062	-0.02897	-0.03272	-0.03988
0.03771226	0.00617	0.00719	0.00723	0.0077	0.00561	0.00121	-0.00911	-0.01425	-0.02058	-0.02713	-0.03282	-0.03913
0.03839609	0.00696	0.00933	0.00952	0.00852	0.00504	0.000550000000000002	-0.00679	-0.0166	-0.01996	-0.02766	-0.03206	-0.0381
0.03909231	0.00696	0.00654	0.00886	0.00682	0.0043	2.99999999999953e-05	-0.00671	-0.0132	-0.02164	-0.02812	-0.03534	-0.03705
0.03980116	0.00832	0.00725	0.00793	0.00698	0.0066	0.00205	-0.00595	-0.01419	-0.02049	-0.02908	-0.03384	-0.03966
0.04052286	0.00847999999999999	0.00913	0.00846	0.00808	0.00363	0.00171	-0.00608	-0.0149	-0.02128	-0.02712	-0.03308	-0.03788
0.04125765	0.00871	0.0056	0.00797	0.00757	0.00418	0.000419999999999997	-0.00482	-0.01671	-0.02043	-0.03018	-0.03328	-0.03819
0.04200576	0.00855	0.00836	0.00731	0.00769	0.00497	0.000120000000000002	-0.0075	-0.01488	-0.01971	-0.02645	-0.03236	-0.0385
0.04276743	0.00813999999999999	0.00867	0.00866000000000001	0.00612	0.00444000000000001	0.000539999999999999	-0.00595	-0.01531	-0.02213	-0.02803	-0.03373	-0.03767
0.04354292	0.00831	0.00947	0.00853	0.00821	0.00411	0.000559999999999998	-0.00647	-0.01601	-0.02106	-0.02841	-0.03136	-0.03978
0.04433247	0.00717999999999999	0.00871	0.00924000000000001	0.00768	0.00417	0.00236	-0.00673000000000001	-0.01575	-0.02066	-0.02864	-0.03373	-0.03964
0.04513634	0.01031	0.00701	0.00792999999999999	0.00829	0.00484	0.000189999999999996	-0.00708	-0.01639	-0.01917	-0.02752	-0.03309	-0.03905
0.04595478	0.00974	0.00624	0.00711	0.00777000000000001	0.00377000000000001	0.00226	-0.00747999999999999	-0.01531	-0.02062	-0.02873	-0.03162	-0.03727
0.04678806	0.00967999999999999	0.00745000000000001	0.0081	0.00721	0.00424	0.00167999999999999	-0.00833	-0.01337	-0.01992	-0.02707	-0.03129	-0.03888
0.04763645	0.00688	0.0102	0.00738	0.0064	0.00605000000000001	0.00244999999999999	-0.008	-0.01414	-0.02205	-0.02814	-0.03253	-0.03827
0.04850023	0.00809	0.00863	0.00752	0.00860999999999999	0.00540999999999999	0.00228999999999999	-0.00641000000000001	-0.01571	-0.02178	-0.02721	-0.03235	-0.03786
0.04937966	0.00928	0.00869	0.01136	0.00793	0.00564	0.00266	-0.00614	-0.0136	-0.02218	-0.02845	-0.03065	-0.04023
0.05027505	0.01079	0.00749999999999999	0.00819	0.00732999999999999	0.00557	0.00285999999999999	-0.00622	-0.01539	-0.02221	-0.02895	-0.03392	-0.03741
0.05118667	0.0105	0.00906	0.00836000000000001	0.00797	0.00491000000000001	0.00369	-0.00916	-0.01801	-0.02373	-0.0285	-0.03364	-0.03927
0.05211482	0.00778	0.00863	0.00943999999999999	0.00746000000000001	0.00321	-0.000409999999999994	-0.00741000000000001	-0.01683	-0.02176	-0.02531	-0.03169	-0.03833
0.0530598	0.01016	0.01036	0.0072	0.0088	0.00498	0.00169	-0.0073	-0.01661	-0.0221	-0.02773	-0.034	-0.04053
0.05402192	0.01054	0.00928	0.00658	0.00757000000000001	0.00772	0.00151000000000001	-0.00763999999999999	-0.02343	-0.02244	-0.02708	-0.03334	-0.03924
0.05500148	0.00791	0.0105	0.01166	0.0077	0.00707000000000001	0.00219	-0.00702	-0.02618	-0.02609	-0.02921	-0.0327	-0.03841
0.0559988	0.00871000000000001	0.00783	0.00691	0.00768000000000001	0.00595	0.00287	-0.00653999999999999	-0.02532	-0.02409	-0.02787	-0.03409	-0.03844
0.05701421	0.00998	0.01057	0.01187	0.00906	0.00753	0.00239	-0.00859	-0.02456	-0.02467	-0.02782	-0.03375	-0.0379
0.05804803	0.00951	0.00805	0.00848	0.00649999999999999	0.00699	0.00023999999999999	-0.01036	-0.02069	-0.02508	-0.02796	-0.03295	-0.03826
0.05910059	0.00941	0.01075	0.00974	0.00668000000000001	0.00652999999999999	0.000880000000000006	-0.00850999999999999	-0.02148	-0.02276	-0.027	-0.03408	-0.03922
0.06017224	0.0086	0.01029	0.01124	0.00721999999999999	0.00802	0.00149000000000001	-0.00778000000000001	-0.01456	-0.02357	-0.02859	-0.03498	-0.03989
0.06126333	0.00881999999999999	0.01007	0.01018	0.00651	0.00553999999999999	0.003	-0.00702000000000001	-0.01525	-0.02207	-0.02637	-0.03466	-0.03938
0.06237419	0.00798	0.01078	0.00971999999999999	0.00943000000000001	0.00732000000000001	0.00129	-0.00735	-0.01562	-0.02496	-0.03082	-0.03189	-0.03993
0.0635052	0.01011	0.00797	0.00907999999999999	0.00828	0.00388000000000001	0.00520000000000001	-0.00708	-0.01588	-0.02519	-0.02982	-0.03555	-0.04107
0.06465672	0.00811999999999999	0.00781	0.00750000000000001	0.0077	0.00329	0.00108	-0.00682999999999999	-0.01342	-0.02647	-0.03013	-0.03594	-0.04021
0.06582912	0.00939999999999999	0.00877	0.00841	0.00927	0.00636	0.00317000000000001	-0.00782000000000001	-0.01506	-0.02475	-0.02928	-0.03472	-0.03998
0.06702278	0.00994	0.01	0.00985	0.00888	0.00608	0.00241000000000001	-0.00990000000000001	-0.01539	-0.02574	-0.02958	-0.03523	-0.03871
0.06823808	0.01152	0.00913	0.00886999999999999	0.00824999999999999	0.00499999999999999	0.00107	-0.00825999999999999	-0.01666	-0.02444	-0.02895	-0.03331	-0.03827
0.06947542	0.00960999999999999	0.01138	0.00979999999999999	0.00745	0.00499999999999999	-0.00176	-0.00516999999999999	-0.01336	-0.02316	-0.02832	-0.03399	-0.04165
0.07073519	0.00971	0.01008	0.00843000000000001	0.00868000000000001	0.00488	0.00219999999999999	-0.00706	-0.0163	-0.02535	-0.03039	-0.03517	-0.04028
0.07201781	0.0103	0.01078	0.00919	0.00834	0.00478000000000001	-0.00205	-0.00706	-0.01676	-0.027	-0.02668	-0.03525	-0.03965
0.07332368	0.01273	0.00971999999999999	0.00931	0.0092	0.00493	-0.000309999999999991	-0.00835999999999999	-0.01533	-0.02388	-0.0296	-0.03438	-0.03858
0.07465324	0.01114	0.01173	0.0086	0.00639000000000001	0.00481999999999999	0.00136	-0.00615	-0.0189	-0.02551	-0.02767	-0.03584	-0.04047
0.0760069	0.0103	0.01016	0.00962	0.00929000000000001	0.00595999999999999	0.000790000000000013	-0.00666	-0.02152	-0.02426	-0.02541	-0.03414	-0.041
0.0773851	0.00905	0.00856000000000001	0.00767	0.01046	0.00734	-0.000670000000000004	-0.00667999999999999	-0.02839	-0.02511	-0.02837	-0.03443	-0.04016
0.0787883	0.0107	0.00839999999999999	0.01063	0.00772	0.00609	0.00115999999999999	-0.00695	-0.03133	-0.02518	-0.02716	-0.03365	-0.03874
0.08021694	0.00955	0.00995	0.01009	0.00882000000000001	0.00605	0.00133	-0.00706	-0.02853	-0.02454	-0.02793	-0.03451	-0.04015
0.08167149	0.01001	0.01046	0.00898	0.00813	0.00627	0.000539999999999999	-0.00608	-0.02774	-0.02541	-0.02876	-0.03446	-0.03987
0.08315241	0.00989	0.00813	0.00871	0.011	0.00684	0.00136	-0.00793000000000001	-0.02658	-0.02575	-0.02689	-0.03485	-0.04034
0.08466019	0.00778000000000001	0.01054	0.00894	0.00921	0.00563999999999999	0.000990000000000005	-0.00827	-0.02309	-0.02519	-0.02844	-0.03501	-0.03999
0.0861953	0.00831999999999999	0.00881	0.01124	0.00979000000000001	0.00463	0.00195000000000001	-0.00706	-0.01622	-0.02622	-0.028	-0.03669	-0.04029
0.08775825	0.00772	0.01032	0.00982000000000001	0.00950999999999999	0.00602	0.00343	-0.00776	-0.0136	-0.02444	-0.02862	-0.0349	-0.04028
0.08934954	0.00778999999999999	0.00867	0.00952	0.00805	0.00545	5.00000000000084e-05	-0.00555	-0.01627	-0.02522	-0.02777	-0.03506	-0.04118
0.09096969	0.00791	0.0082	0.00791	0.00877	0.00677	0.00143	-0.00892999999999999	-0.01744	-0.02161	-0.02679	-0.03541	-0.04306
0.09261921	0.00774999999999999	0.00878	0.00750000000000001	0.01014	0.00748	0.00254	-0.00659999999999999	-0.01612	-0.02344	-0.02784	-0.03561	-0.04073
0.09429864	0.00784	0.00803999999999999	0.00783	0.00899	0.00609	0.00183	-0.01091	-0.01635	-0.02545	-0.02928	-0.03553	-0.03911
0.09600853	0.00885000000000001	0.00731	0.00942999999999999	0.00901	0.00493	0.00221	-0.00767	-0.01778	-0.02411	-0.02955	-0.03606	-0.04069
0.09774942	0.00664000000000001	0.00877	0.00745999999999999	0.00856999999999999	0.00663999999999999	0.00189	-0.00956	-0.01671	-0.02447	-0.02906	-0.03575	-0.04141
0.09952187	0.00728000000000001	0.00803	0.00814999999999999	0.00864999999999999	0.00526	0.00108	-0.00713	-0.01493	-0.02388	-0.02869	-0.03418	-0.03928
0.1013265	0.00839000000000001	0.00816	0.00897000000000001	0.00867	0.00720999999999999	0.00125	-0.00492000000000001	-0.01328	-0.02386	-0.02984	-0.03706	-0.0399
0.1031638	0.00817000000000001	0.00667999999999999	0.00798	0.00759	0.00544	0.000979999999999995	-0.0097	-0.01498	-0.02383	-0.02945	-0.03714	-0.04091
0.1050344	0.00906999999999999	0.00681999999999999	0.00739999999999999	0.00610999999999999	0.00395	0.000989999999999991	-0.00632000000000001	-0.01529	-0.02782	-0.02833	-0.03472	-0.04315
0.106939	0.00840000000000002	0.00698	0.00956	0.00748	0.00583	0.000339999999999993	-0.0088	-0.03526	-0.02625	-0.02921	-0.03632	-0.04042
0.1088781	0.00919	0.00873	0.0081	0.00851	0.00505000000000001	0.000800000000000009	-0.00846999999999999	-0.03529	-0.0237	-0.03034	-0.03736	-0.04285
0.1108523	0.00850000000000001	0.00809000000000001	0.00921	0.00681000000000001	0.00604	0.00304	-0.00652	-0.034	-0.02395	-0.02927	-0.03596	-0.04115
0.1128624	0.0083	0.00961999999999999	0.00812	0.00726	0.00502999999999999	0.00153	-0.00762	-0.0326	-0.0238	-0.02915	-0.03423	-0.03969
0.1149089	0.00814999999999999	0.00867000000000001	0.00833999999999999	0.00738	0.00544	0.00107	-0.00696000000000001	-0.02542	-0.02322	-0.02941	-0.03621	-0.04158
0.1169925	0.00927	0.00814999999999999	0.00793999999999999	0.00689000000000001	0.00466	0.00175	-0.00650000000000001	-0.01884	-0.0239	-0.03177	-0.03761	-0.04184
0.1191138	0.00986999999999999	0.00883	0.00853000000000001	0.00641000000000001	0.005	0.00252000000000001	-0.00665	-0.01647	-0.02393	-0.03177	-0.03515	-0.04189
0.1212737	0.00947999999999999	0.00800999999999999	0.00781999999999999	0.00687	0.00531000000000001	0.00119000000000001	-0.00857000000000001	-0.01713	-0.02278	-0.02928	-0.0366	-0.04164
0.1234727	0.00889999999999999	0.00874	0.00845000000000001	0.00762	0.00549999999999999	0.00201999999999999	-0.00717999999999999	-0.01873	-0.02411	-0.02792	-0.03825	-0.0402
0.1257116	0.00841999999999998	0.00835	0.00819	0.00700000000000001	0.00417999999999999	0.00324999999999999	-0.00805	-0.01524	-0.02501	-0.02885	-0.03855	-0.04052
0.1279911	0.00791	0.00986999999999999	0.00922000000000001	0.00998000000000002	0.00548000000000001	0.000740000000000005	-0.00937	-0.01736	-0.02311	-0.02831	-0.03528	-0.03911
0.1303119	0.01009	0.00800999999999999	0.00866999999999998	0.00759000000000001	0.00444	0.00186	-0.00811999999999999	-0.01774	-0.02474	-0.02927	-0.03722	-0.04051
0.1326748	0.01024	0.00858	0.00911999999999999	0.00704000000000002	0.00524000000000001	0.00134000000000001	-0.00667999999999999	-0.01522	-0.02496	-0.02928	-0.03667	-0.04178
0.1350805	0.00886999999999999	0.00900000000000001	0.01027	0.00869	0.00509999999999999	0.00112999999999999	-0.00699999999999999	-0.01687	-0.02431	-0.03095	-0.03763	-0.04168
0.1375299	0.00977	0.00978000000000001	0.00920000000000001	0.00752999999999998	0.00537	0.000600000000000003	-0.00774	-0.01594	-0.02514	-0.03101	-0.04042	-0.04209
0.1400237	0.00852	0.00900000000000001	0.00869	0.00677	0.00546999999999997	0.00215000000000001	-0.00773	-0.01692	-0.02647	-0.03074	-0.03872	-0.04181
0.1425627	0.00722	0.00785	0.00886000000000001	0.00858999999999999	0.00406000000000001	0.00202999999999999	-0.00577	-0.01602	-0.0242	-0.02908	-0.0366	-0.04245
0.1451477	0.00791	0.00931000000000001	0.0081	0.00755999999999998	0.0058	0.000979999999999995	-0.00677	-0.01546	-0.02435	-0.03057	-0.03846	-0.04266
0.1477797	0.00856000000000001	0.00917000000000001	0.01059	0.00727	0.00541999999999998	0.00112	-0.00454	-0.0147	-0.02319	-0.03192	-0.03948	-0.04038
0.1504593	0.00882000000000002	0.00877	0.01183	0.00742999999999999	0.00588	0.00145000000000001	-0.00747	-0.01532	-0.02415	-0.03112	-0.03786	-0.04164
0.1531875	0.00917999999999999	0.00977	0.00862000000000002	0.00889999999999999	0.00506999999999999	0.00202999999999999	-0.00695	-0.01603	-0.02546	-0.02978	-0.03702	-0.04371
0.1559652	0.00905	0.00861000000000001	0.00886000000000001	0.00913999999999998	0.00575999999999999	7.99999999999967e-05	-0.00551	-0.01644	-0.02572	-0.03194	-0.03848	-0.04117
0.1587933	0.00814000000000001	0.00853999999999999	0.00964999999999999	0.00811999999999999	0.00484999999999999	0.00155999999999998	-0.00733	-0.01407	-0.02393	-0.03139	-0.03908	-0.04019
0.1616726	0.00874	0.00763	0.00989000000000001	0.00886999999999999	0.00524999999999998	0.00273000000000001	-0.00673	-0.0171	-0.02327	-0.03063	-0.03809	-0.03948
0.1646042	0.00826000000000002	0.00912000000000002	0.00961000000000001	0.00950999999999999	0.00562000000000001	0.00170999999999999	-0.00634	-0.01622	-0.02401	-0.02967	-0.039	-0.04198
0.1675889	0.00924	0.00921	0.00847000000000001	0.00815000000000002	0.00671999999999998	0.00144	-0.00562	-0.01741	-0.02452	-0.03024	-0.03868	-0.0431
0.1706277	0.00905999999999998	0.00913	0.00950999999999999	0.00755	0.00730999999999998	0.00242999999999999	-0.00857000000000001	-0.01654	-0.02238	-0.03079	-0.04063	-0.04486
0.1737217	0.00944	0.00937000000000002	0.00863	0.00756999999999999	0.00534999999999999	0.00234999999999999	-0.00656999999999999	-0.01515	-0.02369	-0.03147	-0.03848	-0.04274
0.1768717	0.00835000000000002	0.00993000000000002	0.01008	0.00788	0.00561	0.000879999999999992	-0.00767999999999999	-0.01549	-0.02553	-0.03074	-0.03905	-0.04246
0.1800789	0.01067	0.00861000000000001	0.00944999999999999	0.00719	0.00535000000000002	0.00266	-0.00677999999999999	-0.01609	-0.02364	-0.03138	-0.03991	-0.04169
0.1833442	0.01034	0.00850000000000001	0.01101	0.00822999999999999	0.00581000000000001	0.00292999999999999	-0.00609	-0.01651	-0.0218	-0.03124	-0.03854	-0.04207
0.1866687	0.00889999999999999	0.00827999999999998	0.00884000000000001	0.00874	0.00517999999999999	0.00120000000000001	-0.00704999999999999	-0.01501	-0.02476	-0.02923	-0.03915	-0.04427
0.1900535	0.01042	0.01011	0.00979000000000002	0.00813	0.00549000000000002	0.00167999999999999	-0.00690000000000002	-0.01359	-0.02262	-0.0291	-0.03857	-0.04242
0.1934997	0.00941999999999998	0.00834000000000001	0.00987000000000002	0.00678999999999999	0.00684000000000001	0.00142999999999999	-0.00671999999999999	-0.01325	-0.02433	-0.03138	-0.038	-0.0431
0.1970083	0.01134	0.01029	0.01014	0.0068	0.00511999999999999	0.00268000000000002	-0.00644	-0.01542	-0.02624	-0.03249	-0.03858	-0.04387
0.2005806	0.01014	0.01049	0.00973000000000002	0.00797	0.00383	0.00170999999999999	-0.00707000000000001	-0.01451	-0.02556	-0.03268	-0.03843	-0.04395
0.2042177	0.00978000000000001	0.0093	0.00948000000000002	0.00861999999999999	0.00555	0.00284999999999999	-0.00827	-0.01436	-0.02611	-0.02977	-0.03696	-0.04206
0.2079207	0.00808999999999999	0.01121	0.00919	0.00773000000000001	0.00589000000000001	0.00251000000000001	-0.00572	-0.01296	-0.02359	-0.03069	-0.03961	-0.04444
0.2116908	0.00905999999999998	0.0078	0.01053	0.00794999999999998	0.00635000000000002	0.00266	-0.00607999999999997	-0.01447	-0.02505	-0.03053	-0.03947	-0.0434
0.2155294	0.00774999999999998	0.00955	0.01045	0.00792999999999999	0.00420999999999999	0.00120000000000001	-0.00586	-0.01283	-0.02426	-0.03118	-0.03823	-0.04432
0.2194375	0.01092	0.00679999999999997	0.01043	0.00852999999999998	0.00547	0.00115000000000001	-0.00625999999999999	-0.01274	-0.02465	-0.02903	-0.0388	-0.04431
0.2234165	0.00834000000000001	0.0093	0.01055	0.0058	0.00559000000000001	0.000109999999999999	-0.00792999999999999	-0.0129	-0.02471	-0.02945	-0.0396	-0.04435
0.2274676	0.00995000000000001	0.01141	0.00872999999999999	0.00868999999999998	0.00329000000000002	0.00212999999999999	-0.0071	-0.01198	-0.02138	-0.03008	-0.03803	-0.04259
0.2315922	0.00925000000000001	0.01077	0.01024	0.00733	0.00488000000000002	0.00137999999999999	-0.00684999999999999	-0.01226	-0.02226	-0.02967	-0.03831	-0.04374
0.2357916	0.0088	0.0103	0.00979000000000002	0.0086	0.00636999999999999	0.00107000000000002	-0.00778999999999999	-0.0138	-0.02347	-0.03075	-0.03914	-0.04236
0.2400671	0.01155	0.00918000000000002	0.01098	0.00900000000000001	0.00487000000000001	0.00191999999999998	-0.00754000000000002	-0.01327	-0.02125	-0.02923	-0.03783	-0.04412
0.2444202	0.00735	0.0102	0.01128	0.00838	0.00572	0.000969999999999999	-0.00755	-0.0124	-0.02194	-0.03129	-0.03844	-0.04416
0.2488521	0.01062	0.00772999999999999	0.01029	0.00928999999999999	0.00466000000000003	0.003	-0.00913	-0.01346	-0.022	-0.02945	-0.03836	-0.04185
0.2533645	0.01017	0.00918000000000002	0.00939000000000001	0.0096	0.00548000000000001	0.00169	-0.00714000000000001	-0.01362	-0.02198	-0.0295	-0.03835	-0.04473
0.2579587	0.00832000000000002	0.00993999999999998	0.01001	0.00725999999999999	0.00527999999999998	0.00161	-0.00839000000000001	-0.01332	-0.02262	-0.03125	-0.03765	-0.04094
0.2626361	0.00792999999999999	0.00842999999999999	0.01047	0.00844999999999999	0.00436999999999999	0.000569999999999987	-0.00858	-0.01295	-0.02119	-0.02864	-0.03773	-0.04392
0.2673984	0.00816	0.01103	0.01136	0.00832000000000002	0.00459999999999999	0.00256000000000001	-0.00770000000000001	-0.01372	-0.02115	-0.02881	-0.0393	-0.04322
0.2722471	0.00908	0.00763	0.00921999999999998	0.00899999999999998	0.00395000000000001	0.001	-0.00855	-0.01179	-0.02177	-0.02882	-0.03668	-0.04348
0.2771836	0.00966	0.00997000000000001	0.01054	0.00849	0.00502000000000002	0.00201999999999999	-0.00797	-0.01362	-0.02177	-0.0301	-0.03745	-0.04342
0.2822097	0.00872000000000001	0.00925999999999999	0.00790000000000002	0.00839999999999999	0.00492000000000001	0.00223000000000001	-0.00822000000000001	-0.01423	-0.02175	-0.02828	-0.03891	-0.04271
0.2873269	0.00750999999999999	0.00833999999999999	0.01053	0.0106	0.00674	0.0018	-0.00742999999999999	-0.01439	-0.02151	-0.02773	-0.03815	-0.04268
0.2925369	0.0081	0.00778000000000001	0.00941	0.00866999999999998	0.00530999999999998	0.00131999999999999	-0.00781999999999999	-0.01511	-0.02088	-0.0289	-0.03655	-0.04348
0.2978414	0.00620999999999999	0.00933	0.00971	0.00935000000000002	0.00634999999999999	0.00144	-0.00764999999999999	-0.01385	-0.02225	-0.02979	-0.03552	-0.04314
0.3032421	0.0076	0.00678000000000001	0.01058	0.00712000000000002	0.00701000000000002	0.00214	-0.00583	-0.01415	-0.02135	-0.03116	-0.03551	-0.04447
0.3087406	0.00894999999999999	0.00925999999999999	0.00842999999999999	0.00849	0.00596999999999998	0.0013	-0.00797	-0.01564	-0.02294	-0.02816	-0.03676	-0.04186
0.3143389	0.00942000000000001	0.01087	0.0081	0.01045	0.00777	0.00176000000000001	-0.00756999999999999	-0.01399	-0.02121	-0.02874	-0.0371	-0.04367
0.3200387	0.00777999999999998	0.0078	0.00815000000000002	0.0111	0.00393000000000002	0.00258999999999998	-0.00632000000000002	-0.01486	-0.02151	-0.02866	-0.035	-0.04327
0.3258419	0.00786000000000001	0.00731000000000001	0.00962000000000002	0.00761999999999999	0.00311	0.00195999999999999	-0.00689000000000001	-0.01455	-0.0214	-0.02876	-0.03646	-0.04125
0.3317503	0.0076	0.00738	0.01054	0.00999999999999998	0.00532000000000002	0.00377	-0.00844	-0.01543	-0.02107	-0.02754	-0.03647	-0.04077
0.3377658	0.0096	0.00727	0.00974	0.00675000000000001	0.00423000000000001	0.00112999999999999	-0.00831999999999999	-0.01476	-0.02107	-0.0295	-0.03731	-0.04275
0.3438904	0.00799	0.00691999999999998	0.01039	0.0086	0.00533	0.000649999999999984	-0.0081	-0.01491	-0.02181	-0.02712	-0.03654	-0.04294
0.350126	0.00756000000000001	0.01039	0.00664999999999999	0.00942000000000001	0.00460000000000002	0.00367000000000001	-0.00777	-0.01501	-0.02232	-0.03048	-0.03502	-0.04128
0.3564747	0.00964000000000001	0.00769	0.00795999999999999	0.01054	0.00586	0.00162999999999999	-0.00763	-0.01451	-0.02215	-0.02882	-0.03862	-0.04253
0.3629386	0.00770999999999999	0.00941	0.01029	0.00578999999999999	0.00516	0.000799999999999995	-0.00669999999999998	-0.014	-0.02301	-0.02922	-0.03776	-0.04239
0.3695196	0.00628999999999999	0.00805999999999998	0.00942000000000001	0.00736000000000001	0.00794999999999998	0.00126000000000001	-0.00767000000000001	-0.01308	-0.02278	-0.02895	-0.03725	-0.04174
0.37622	0.00905999999999998	0.00845000000000001	0.0098	0.00924999999999998	0.00742000000000001	0.00241	-0.00779000000000002	-0.01564	-0.02351	-0.02784	-0.03739	-0.04061
0.3830419	0.00713	0.01043	0.00913	0.00609000000000001	0.00581999999999999	0.00127000000000002	-0.00801000000000002	-0.01537	-0.02212	-0.02731	-0.03618	-0.04088
0.3899874	0.00905999999999998	0.01069	0.0083	0.00824	0.00542999999999999	0.00323000000000001	-0.00888	-0.01413	-0.02216	-0.02785	-0.03904	-0.04171
0.3970589	0.00785	0.00902	0.00941	0.01056	0.00438	0.00347999999999998	-0.00879000000000002	-0.0151	-0.02217	-0.02839	-0.03563	-0.04098
0.4042587	0.01003	0.01011	0.00797999999999999	0.00878000000000001	0.00486	0.00416	-0.00742000000000001	-0.01488	-0.02448	-0.02886	-0.03707	-0.04067
0.411589	0.00855	0.00849999999999998	0.00872000000000001	0.01033	0.00475	0.00163000000000002	-0.00753000000000001	-0.0142	-0.02152	-0.02702	-0.03643	-0.04224
0.4190522	0.00803000000000001	0.00933999999999999	0.00628000000000001	0.00832000000000002	0.00489000000000001	0.00286	-0.00775000000000001	-0.01548	-0.02118	-0.02815	-0.03689	-0.04167
0.4266507	0.00742000000000001	0.00661999999999999	0.01014	0.00877	0.00344	0.00352	-0.00622	-0.015	-0.02273	-0.02823	-0.0372	-0.04246
0.434387	0.01083	0.00789000000000001	0.01005	0.01094	0.00447	0.0023	-0.00752	-0.01398	-0.02369	-0.02874	-0.03747	-0.04193
0.4422636	0.00697999999999999	0.00852999999999998	0.00894999999999999	0.00828000000000001	0.00292000000000001	0.00231000000000001	-0.0098	-0.01546	-0.02307	-0.02946	-0.03595	-0.04131
0.450283	0.00944	0.00963	0.01101	0.00686	0.00638	0.00306000000000001	-0.01031	-0.01406	-0.02371	-0.02809	-0.0351	-0.04236
0.4584478	0.00737000000000002	0.00722999999999999	0.00841	0.0078	0.00725999999999999	0.000969999999999999	-0.00850999999999999	-0.01411	-0.02203	-0.02787	-0.036	-0.04216
0.4667607	0.00953000000000001	0.01091	0.00800999999999999	0.00769	0.00423999999999999	0.00323000000000001	-0.00844999999999999	-0.01384	-0.02308	-0.02721	-0.03695	-0.04126
0.4752243	0.00892000000000001	0.00836999999999999	0.00894999999999999	0.00853000000000001	0.00763	0.00231000000000001	-0.00869	-0.01293	-0.0229	-0.02822	-0.03588	-0.04149
0.4838414	0.00972999999999999	0.00991	0.00732000000000002	0.00761000000000001	0.00569	0.00322	-0.00800000000000001	-0.01595	-0.02316	-0.02797	-0.03531	-0.04096
0.4926147	0.00919999999999999	0.0078	0.00835	0.00653000000000001	0.00583	0.00168000000000001	-0.00856000000000001	-0.01423	-0.02324	-0.02672	-0.03705	-0.04116
0.5015472	0.00944	0.00921	0.01149	0.00713	0.00489000000000001	0.00176000000000001	-0.00599999999999998	-0.01619	-0.02365	-0.02724	-0.03474	-0.0421
0.5106415	0.00975000000000001	0.00978999999999999	0.01027	0.00782000000000002	0.00353000000000001	0.00198999999999999	-0.01001	-0.0154	-0.02216	-0.0289	-0.0361	-0.04068
0.5199008	0.00998000000000002	0.01054	0.00892999999999999	0.00875999999999999	0.00638999999999998	0.00356000000000001	-0.00788	-0.01432	-0.02339	-0.02895	-0.03661	-0.04115
0.529328	0.00931000000000001	0.00867000000000001	0.0111	0.00750000000000001	0.00434999999999999	0.00391	-0.00675999999999999	-0.01754	-0.02316	-0.0296	-0.03692	-0.04133
0.5389261	0.01028	0.00946	0.01011	0.00937000000000002	0.00402	0.00204000000000001	-0.00663	-0.01513	-0.02511	-0.02871	-0.0354	-0.04209
0.5486983	0.01038	0.00897999999999999	0.00946	0.01025	0.00611	0.00305	-0.00888999999999998	-0.01365	-0.0229	-0.02838	-0.03654	-0.04081
0.5586477	0.00858	0.00794	0.01126	0.00850999999999999	0.00366000000000002	0.00103	-0.00583	-0.01524	-0.02151	-0.02994	-0.03535	-0.04179
0.5687774	0.00931999999999999	0.00947000000000001	0.00982	0.00916	0.00435000000000002	0.000329999999999997	-0.00788	-0.01321	-0.02305	-0.02818	-0.03658	-0.03998
0.5790909	0.00922999999999999	0.00706999999999999	0.01	0.00783	0.00423999999999999	0.00143000000000001	-0.00749	-0.01572	-0.02301	-0.02795	-0.03722	-0.03713
0.5895913	0.00974	0.0112	0.00922000000000001	0.00856999999999999	0.00728000000000001	0.00111	-0.00808	-0.01692	-0.02233	-0.02896	-0.03544	-0.03825
0.6002822	0.00928999999999999	0.00922000000000001	0.00971	0.00806999999999999	0.00422	0.000519999999999993	-0.00885	-0.01604	-0.02202	-0.0293	-0.03619	-0.03976
0.6111669	0.00971	0.0096	0.00921999999999998	0.01049	0.00661999999999999	0.00322	-0.00825000000000001	-0.01526	-0.0215	-0.02844	-0.03562	-0.0411
0.622249	0.0103	0.00756999999999999	0.01025	0.00966	0.00706999999999999	0.00123000000000001	-0.00852	-0.01275	-0.02318	-0.02896	-0.03612	-0.04005
0.633532	0.00794	0.01055	0.01076	0.00867000000000001	0.00339	0.00292999999999999	-0.00716999999999998	-0.01439	-0.02355	-0.0316	-0.03702	-0.04154
0.6450197	0.00811000000000001	0.01134	0.00860999999999998	0.00876000000000002	0.00572	0.00128999999999999	-0.00818999999999998	-0.01827	-0.02362	-0.03097	-0.03687	-0.0426
0.6567156	0.00917999999999999	0.00714000000000001	0.00997000000000001	0.00974999999999998	0.00331999999999999	0.00232000000000002	-0.00836000000000001	-0.01551	-0.02419	-0.03216	-0.03451	-0.04028
0.6686236	0.00884000000000001	0.00846000000000002	0.01195	0.01037	0.00569	0.00353000000000001	-0.00687000000000001	-0.01239	-0.02378	-0.03001	-0.0355	-0.0411
0.6807475	0.00781000000000001	0.00969999999999999	0.00921999999999998	0.00745999999999999	0.00739000000000001	0.000799999999999995	-0.00447999999999998	-0.01516	-0.02238	-0.03033	-0.03552	-0.04072
0.6930913	0.00794	0.00920000000000001	0.01046	0.01018	0.00558999999999998	0.00184000000000001	-0.00678999999999999	-0.01521	-0.02252	-0.03063	-0.03564	-0.04246
0.7056589	0.00924	0.00801000000000002	0.00915000000000002	0.00907999999999998	0.00511	0.000209999999999988	-0.00942000000000001	-0.01636	-0.02525	-0.02897	-0.03624	-0.04208
0.7184543	0.00816	0.00883	0.00853999999999999	0.00719999999999998	0.00611	0.00122	-0.00755999999999998	-0.01278	-0.02193	-0.02961	-0.0354	-0.04143
0.7314818	0.00797	0.00929000000000002	0.00976000000000002	0.00933999999999999	0.00296000000000002	0.000609999999999999	-0.00781999999999999	-0.01707	-0.02271	-0.02928	-0.03515	-0.04011
0.7447455	0.00878000000000001	0.00902999999999998	0.01122	0.01008	0.00574999999999998	0.00123000000000001	-0.00694	-0.01434	-0.02586	-0.02943	-0.03697	-0.04137
0.7582497	0.00933999999999999	0.0098	0.01119	0.0088	0.00541	0.00134000000000001	-0.00569	-0.01329	-0.02452	-0.02916	-0.03753	-0.04077
0.7719988	0.00872999999999999	0.00936000000000001	0.00983999999999999	0.00888	0.00627	0.000519999999999993	-0.00848000000000002	-0.01363	-0.02398	-0.03044	-0.03571	-0.04107
0.7859972	0.00849	0.00860000000000002	0.00971	0.00833	0.00553999999999999	-0.000790000000000013	-0.00876000000000002	-0.01476	-0.02283	-0.02949	-0.03774	-0.04007
0.8002494	0.00836000000000001	0.00963	0.00985	0.00886999999999999	0.00558	0.000419999999999976	-0.00689000000000001	-0.01587	-0.02396	-0.03035	-0.03716	-0.04143
0.8147601	0.00795999999999999	0.00684999999999999	0.01089	0.00825999999999999	0.00674	0.00312000000000001	-0.00782000000000002	-0.01379	-0.02371	-0.02994	-0.03549	-0.04134
0.8295339	0.00846999999999998	0.00953999999999999	0.01005	0.01069	0.00808	6.99999999999867e-05	-0.00724	-0.01452	-0.02411	-0.02961	-0.03671	-0.0404
0.8445755	0.00770999999999999	0.00742000000000001	0.00952999999999998	0.00789999999999999	0.00489000000000001	0.00291	-0.00759000000000001	-0.01664	-0.02538	-0.03167	-0.03696	-0.04175
0.8598899	0.00670999999999999	0.00741	0.01043	0.0106	0.00786000000000001	0.000799999999999995	-0.00717000000000001	-0.01308	-0.02461	-0.03068	-0.03613	-0.04289
0.875482	0.00853999999999999	0.00824	0.00838999999999998	0.00992000000000001	0.00387999999999999	0.00273999999999999	-0.00797	-0.01604	-0.02457	-0.0293	-0.03615	-0.04261
0.8913568	0.00787000000000002	0.0088	0.00831999999999999	0.01045	0.00399000000000002	0.000700000000000006	-0.00736000000000001	-0.01579	-0.02464	-0.03142	-0.03744	-0.04303
0.9075195	0.00767999999999999	0.00864999999999999	0.00889000000000001	0.00892000000000001	0.00444	0.00402	-0.00836000000000001	-0.01624	-0.0236	-0.02962	-0.03786	-0.04029
0.9239752	0.00713	0.00841	0.00948000000000002	0.00736000000000001	0.00572	0.00122	-0.00980999999999999	-0.01355	-0.02224	-0.02922	-0.03674	-0.04067
0.9407294	0.00864000000000001	0.00870000000000001	0.00767999999999999	0.0071	0.00564999999999999	0.00137999999999999	-0.00720000000000001	-0.01412	-0.02381	-0.02744	-0.03688	-0.04252
0.9577873	0.00931999999999999	0.00866999999999998	0.00907999999999998	0.00819	0.00559000000000001	0.00123999999999999	-0.00863	-0.01638	-0.0233	-0.02968	-0.03728	-0.04283
0.9751545	0.00875000000000001	0.00958999999999999	0.0091	0.00816	0.00352	0.00223999999999999	-0.00608	-0.01385	-0.02367	-0.03029	-0.03702	-0.03994
0.9928367	0.00941	0.00819	0.00915000000000002	0.00919999999999999	0.00675999999999999	0.00339	-0.00577	-0.01503	-0.02289	-0.03018	-0.03902	-0.0427
1.010839	0.00908	0.01007	0.00831999999999999	0.00872000000000001	0.00466	0.00332000000000002	-0.00836999999999999	-0.0154	-0.02058	-0.02775	-0.03583	-0.04078
1.029169	0.00866	0.00925999999999999	0.00835	0.00914000000000001	0.00619	0.000200000000000006	-0.00531999999999999	-0.01495	-0.02054	-0.02966	-0.03666	-0.0416
1.04783	0.00869	0.00911999999999999	0.00885	0.00842000000000001	0.00620000000000001	-0.000840000000000007	-0.00656999999999999	-0.01559	-0.02183	-0.02672	-0.03764	-0.04089
1.06683	0.00684999999999999	0.01036	0.0098	0.00844	0.00470999999999999	0.00328999999999999	-0.00837000000000002	-0.0149	-0.01961	-0.02768	-0.03703	-0.04093
1.086175	0.00776000000000002	0.01078	0.00942999999999999	0.00933	0.00763	0.00266999999999998	-0.00704000000000002	-0.01546	-0.02281	-0.02847	-0.0374	-0.04181
1.10587	0.00933	0.00992999999999999	0.00975999999999999	0.00770999999999999	0.00284000000000001	0.00345000000000001	-0.00903000000000001	-0.01703	-0.02268	-0.02677	-0.03659	-0.04256
1.125922	0.00816999999999998	0.00783	0.00839000000000001	0.00935	0.00575999999999999	0.00254000000000001	-0.00888	-0.01423	-0.02097	-0.02818	-0.03533	-0.04039
1.146338	0.00987000000000002	0.00933	0.00949	0.00799999999999998	0.00762000000000002	0.00242999999999999	-0.00699000000000002	-0.01124	-0.02022	-0.02736	-0.03635	-0.04054
1.167124	0.00985	0.01085	0.00847000000000001	0.01022	0.00570999999999999	0.00220999999999999	-0.00692999999999999	-0.01524	-0.02073	-0.02657	-0.03581	-0.03924
1.188287	0.00769	0.01072	0.00850999999999999	0.00716	0.00500999999999999	0.00289	-0.00634000000000001	-0.01444	-0.0188	-0.02705	-0.03248	-0.0382
1.209834	0.00925999999999999	0.00885000000000002	0.01024	0.00822999999999999	0.00631999999999999	0.00165999999999999	-0.00831999999999999	-0.01622	-0.02043	-0.02476	-0.03221	-0.03488
1.231772	0.00896	0.00969	0.00958999999999999	0.00977	0.00504000000000002	0.00133	-0.00574	-0.01534	-0.01754	-0.02262	-0.02697	-0.02657
1.254107	0.00957000000000002	0.00911999999999999	0.00969	0.00972999999999999	0.0081	0.00358999999999998	-0.00527	-0.01226	-0.01662	-0.01436	-0.02161	-0.01764
1.276847	0.00872000000000001	0.01046	0.01126	0.00957999999999998	0.00775000000000001	0.00364999999999999	-0.000370000000000009	-0.00878999999999999	-0.00878999999999999	-0.00464000000000001	-0.00406000000000001	0.00438
1.3	0.00906999999999999	0.01034	0.01011	0.01095	0.01173	0.00942999999999999	0.00312000000000001	0.00353999999999999	0.00547	0.0154	0.0191	0.02698
