Inj	tm40	tm30	tm20	tm10	t0	t10	t20	t30	t40	t50	t60	t70
0.001	0.00958	0.0149	0.01333	0.01309	0.00276	-0.0193	-0.02748	-0.01701	-0.02669	-0.000299999999999998	0.00094	-0.000299999999999998
0.001018133	0.00998	0.01335	0.01297	0.00812	0.00414	-0.01666	-0.02733	-0.01689	-0.02711	0.00151	-0.000289999999999999	0.00038
0.001036594	0.01041	0.01384	0.01329	0.00785	0.00103	-0.01786	-0.02794	-0.01651	-0.0262	0.0012	-0.000359999999999999	-0.00107
0.00105539	0.00988	0.017	0.01363	0.00856	0.00163	-0.01707	-0.02712	-0.01686	-0.02579	-0.00113	0.000560000000000001	-0.000619999999999999
0.001074527	0.00863	0.01306	0.01469	0.00893	0.000800000000000002	-0.0196	-0.02777	-0.0186	-0.0245	-0.00217	0.00064	-0.00123
0.001094011	0.00941	0.0149	0.01152	0.0071	0.00495	-0.01734	-0.02866	-0.01689	-0.02525	-2.99999999999988e-05	-0.000949999999999999	-0.00077
0.001113849	0.00874	0.01416	0.01432	0.00781	0.00245	-0.01787	-0.0192	-0.0184	-0.02771	-0.00043	0.00013	-0.00259
0.001134046	0.01084	0.01475	0.01353	0.0093	0.00474	-0.01886	-0.01899	-0.01872	-0.02696	-0.000809999999999998	0.000329999999999999	-0.00446
0.001154609	0.00814	0.0128	0.01427	0.00792	0.00475	-0.01931	-0.01925	-0.01687	-0.02647	0.000390000000000001	0.000979999999999998	-0.00086
0.001175545	0.01015	0.01569	0.00994	0.00863	0.00353	-0.02071	-0.01893	-0.0182	-0.02539	-0.00051	-0.000710000000000002	0.000150000000000001
0.001196861	0.00872	0.01342	0.01071	0.00752	0.00213	-0.01905	-0.02009	-0.0184	-0.02481	-0.000360000000000003	0.000810000000000002	-0.00198
0.001218563	0.0084	0.0136	0.01121	0.00705	0.00235	-0.01724	-0.01872	-0.01844	-0.02489	2.00000000000027e-05	0.000589999999999997	-0.00162
0.001240659	0.01041	0.01428	0.01369	0.00887	0.00285	-0.01539	-0.01955	-0.01748	-0.02907	-0.0012	0.000759999999999997	-8.99999999999998e-05
0.001263155	0.00948	0.01282	0.0131	0.01068	0.00151	-0.01599	-0.02005	-0.01906	-0.02832	-0.00086	-0.00156	-0.00262
0.00128606	0.00888	0.01587	0.01143	0.00846	0.00166	-0.01761	-0.01807	-0.02004	-0.02823	-0.00085	0.000710000000000002	-0.000240000000000001
0.00130938	0.00916	0.01712	0.01226	0.00842	0.00338	-0.01561	-0.0187	-0.01929	-0.02597	-0.00117	0.000389999999999998	0.000639999999999998
0.001333122	0.00893	0.01633	0.01256	0.00646	0.00267	-0.01666	-0.01669	-0.01959	-0.02617	-3.00000000000022e-05	-0.00119	-0.00243
0.001357295	0.00845	0.01434	0.01256	0.00798	0.00258	-0.01946	-0.0182	-0.01814	-0.02612	-0.00173	0.00116	-0.000440000000000003
0.001381906	0.00872	0.01751	0.0112	0.00872	0.00409	-0.01626	-0.01639	-0.01682	-0.02331	-0.000699999999999999	-0.00118	-0.0012
0.001406964	0.00929	0.01432	0.01329	0.01058	0.00328	-0.01681	-0.0182	-0.01643	-0.02484	0.00105	0.00017	-0.00084
0.001432476	0.01035	0.01447	0.01277	0.00781	0.0034	-0.01773	-0.01709	-0.01758	-0.02535	-0.000589999999999997	-0.00544	-0.00094
0.001458451	0.00904	0.01255	0.01347	0.00698	0.000709999999999999	-0.01573	-0.0186	-0.01748	-0.02639	0.000889999999999998	-0.00168	0.00017
0.001484896	0.00875	0.01229	0.01237	0.00829	0.00231	-0.01738	-0.01702	-0.01686	-0.02347	0.000800000000000002	0.000720000000000002	0.000309999999999998
0.001511821	0.00891	0.01588	0.01073	0.00943	0.00204	-0.01647	-0.01628	-0.01835	-0.02481	-2.99999999999988e-05	-0.000380000000000002	0.0006
0.001539235	0.01021	0.01342	0.01279	0.00642	0.00198	-0.01774	-0.01776	-0.01604	-0.02449	-0.000490000000000001	-0.00162	-0.000839999999999997
0.001567145	0.00835	0.01407	0.0109	0.00748	0.00256	-0.01606	-0.01687	-0.01651	-0.02481	0.00233	-0.00069	-0.00289
0.001595562	0.00905	0.01086	0.01122	0.0097	0.00506	-0.01303	-0.01656	-0.01635	-0.02542	0.00043	0.00133	-0.00109
0.001624493	0.00716	0.01327	0.01481	0.00744	0.00398	-0.01392	-0.01782	-0.01673	-0.02573	0.000150000000000001	-0.000789999999999999	-0.00109
0.00165395	0.00863	0.01246	0.01198	0.01191	0.00223	-0.01467	-0.01711	-0.01757	-0.02446	0.000430000000000003	-0.00016	-0.00181
0.00168394	0.00734	0.01352	0.0115	0.00953	0.00238	-0.01312	-0.01754	-0.01775	-0.0262	4.9999999999998e-05	0.00207	-0.000529999999999999
0.001714475	0.00986	0.01325	0.01093	0.00736	0.00244	-0.01249	-0.01619	-0.01808	-0.02515	0.000240000000000001	0.001	-0.00238
0.001745563	0.00894	0.01254	0.0117	0.00764	0.00363	-0.01316	-0.0158	-0.01714	-0.02452	6.0000000000001e-05	0.000580000000000001	-0.000650000000000001
0.001777214	0.0113	0.01296	0.00959	0.00515	0.00343	-0.01412	-0.01687	-0.0174	-0.02603	-0.00125	0.000320000000000001	-0.00104
0.00180944	0.01101	0.01521	0.01066	0.01283	0.00241	-0.01292	-0.01641	-0.01891	-0.02517	-0.000109999999999999	0.000400000000000001	-0.000369999999999999
0.00184225	0.01141	0.01406	0.01257	0.00906	0.00312	-0.01351	-0.01596	-0.01755	-0.02506	0.00043	0.000949999999999999	-0.00129
0.001875655	0.01139	0.0103	0.01032	0.00742	0.00282	-0.01373	-0.01693	-0.01706	-0.02531	-0.00025	-0.00018	-0.00198
0.001909665	0.00854	0.01453	0.01159	0.00791	0.00168	-0.01383	-0.01628	-0.01581	-0.02579	-0.00107	0.00149	-0.00052
0.001944293	0.01136	0.01202	0.01181	0.00775	0.00167	-0.01288	-0.01561	-0.01735	-0.02422	-0.000549999999999998	-0.00153	-0.000609999999999999
0.001979548	0.01148	0.01141	0.01168	0.00904	0.00212	-0.01551	-0.01411	-0.01749	-0.02459	0.00052	0.000900000000000001	-0.000690000000000003
0.002015442	0.0102	0.01215	0.01261	0.00778	0.00354	-0.01383	-0.01506	-0.0177	-0.02486	0.00077	-0.00122	-0.00316
0.002051988	0.00832	0.00982	0.01047	0.00829	0.00292	-0.01142	-0.01614	-0.01649	-0.02535	0.000230000000000001	-0.000700000000000003	-0.000130000000000002
0.002089196	0.00983	0.01286	0.01107	0.0058	0.00234	-0.01473	-0.01885	-0.01695	-0.02432	-0.000830000000000001	-0.00051	-0.000830000000000001
0.002127078	0.00766	0.01173	0.0103	0.00789	0.00216	-0.014	-0.01863	-0.01555	-0.02611	0.00177	-0.00238	-0.00184
0.002165648	0.01027	0.01214	0.01176	0.00616	0.00202	-0.0129	-0.01723	-0.01461	-0.02408	-0.000310000000000001	-0.00239	-0.00102
0.002204917	0.00762	0.01322	0.01189	0.00739	0.00302	-0.0138	-0.01862	-0.01656	-0.02505	0.00126	-0.000299999999999998	-3.99999999999984e-05
0.002244898	0.01017	0.01084	0.01223	0.00833	0.000389999999999998	-0.01529	-0.0169	-0.01673	-0.02303	0.00109	-0.000800000000000002	-0.00069
0.002285604	0.0101	0.01391	0.00859	0.00862	0.00154	-0.01415	-0.01585	-0.01781	-0.0256	0.00134	-0.00124	-0.00274
0.002327048	0.00919	0.01418	0.01044	0.00826	0.00431	-0.01381	-0.01558	-0.01632	-0.02538	0.000479999999999998	0.00178	0.00042
0.002369244	0.00886	0.01246	0.02514	0.00842	0.00384	-0.01313	-0.01441	-0.01789	-0.02389	0.00069	0.000289999999999999	0.000989999999999998
0.002412204	0.01154	0.01254	0.01014	0.00793	0.00139	-0.01273	-0.01547	-0.01678	-0.0238	0.000309999999999998	0.00178	-0.00225
0.002455944	0.00912	0.01129	0.00936	0.00629	0.00131	-0.01347	-0.01285	-0.01795	-0.02434	0.000189999999999999	0.00133	-0.00188
0.002500477	0.00957	0.01246	0.01014	0.00817	0.000989999999999998	-0.01519	-0.01355	-0.01688	-0.02369	-0.000189999999999999	0.000150000000000001	-0.00209
0.002545817	0.00815	0.00943	0.01093	0.00683	0.00186	-0.01532	-0.01635	-0.01608	-0.02428	-0.00043	0.0006	-0.000789999999999999
0.00259198	0.00967	0.00955	0.00887	0.00496	0.00227	-0.01456	-0.0142	-0.0171	-0.02409	-2.99999999999988e-05	-0.00109	-2.99999999999988e-05
0.002638979	0.00806	0.01055	0.00984	0.0069	0.00271	-0.01469	-0.0152	-0.01561	-0.02493	-0.00257	7.00000000000006e-05	-0.000970000000000002
0.002686831	0.0118	0.01116	0.0098	0.00785	0.00198	-0.01501	-0.01505	-0.01756	-0.02317	0.002	-0.00239	-0.00131
0.00273555	0.01022	0.01007	0.00972	0.02159	0.00241	-0.01517	-0.01481	-0.01571	-0.02393	-0.00167	0.000710000000000002	0.000219999999999998
0.002785153	0.01042	0.01068	0.00918	0.00666	0.00224	-0.01586	-0.01528	-0.018	-0.02452	-0.00093	0.00076	-0.00171
0.002835655	0.01064	0.01027	0.00924	0.0082	0.00139	-0.0153	-0.01642	-0.01569	-0.02436	-0.000289999999999999	0.000739999999999998	-0.000529999999999999
0.002887073	0.00864	0.01038	0.00838	0.00687	0.00639	-0.01469	-0.01403	-0.0162	-0.02529	-0.000240000000000004	0.00147	0.000159999999999997
0.002939423	0.01063	0.01086	0.01025	0.00418	0.00331	-0.01405	-0.01385	-0.01699	-0.02386	-0.000940000000000003	-0.000580000000000001	-0.000119999999999999
0.002992723	0.01029	0.01013	0.01114	0.00776	0.00202	-0.01593	-0.01472	-0.01422	-0.02493	-3.00000000000022e-05	0.00112	-0.00093
0.003046989	0.00941	0.01086	0.01045	0.00864	0.00224000000000001	-0.01546	-0.01335	-0.01627	-0.02381	-0.000870000000000003	6.0000000000001e-05	-0.00281
0.003102239	0.00691	0.00982	0.01109	0.00723	0.00244	-0.01198	-0.01491	-0.01561	-0.02524	0.000710000000000002	0.000400000000000005	-0.00204
0.003158491	0.00928	0.01108	0.00908	0.00639	0.00272	-0.01756	-0.0147	-0.01519	-0.02634	-0.000390000000000001	-0.000879999999999999	-0.000650000000000001
0.003215763	0.00722	0.01089	0.00687	0.00704	0.00173	-0.01377	-0.01488	-0.01735	-0.02522	0.000539999999999999	-0.000130000000000002	-0.000609999999999999
0.003274073	0.00774	0.01126	0.00684999999999999	0.00595	0.00347	-0.01657	-0.01497	-0.01797	-0.02449	0.00105	-0.00068	-0.00181
0.003333441	0.00808	0.01211	0.00957	0.00639	0.000609999999999999	-0.01564	-0.01591	-0.01596	-0.02373	-0.00127	0.00068	-0.000409999999999997
0.003393885	0.01027	0.01105	0.0091	0.00643000000000001	0.00248	-0.01972	-0.01666	-0.01619	-0.02537	0.000149999999999997	0.000710000000000002	-0.000989999999999998
0.003455425	0.00964	0.00991	0.00913	0.00588	0.00236	-0.01736	-0.01837	-0.01722	-0.02346	-0.00243	0.00192	-0.00255
0.003518081	0.00997	0.01205	0.01038	0.00488	0.00145	-0.0171	-0.01651	-0.01476	-0.0244	0.00176	0.00208	-0.000910000000000001
0.003581873	0.00869	0.01033	0.0101	0.00593	0.00262	-0.01711	-0.01696	-0.01671	-0.02538	-0.000469999999999998	0.00052	-0.00299
0.003646822	0.00899	0.01146	0.00972	0.00812	0.0023	-0.01795	-0.0177	-0.01593	-0.02453	0.000219999999999998	0.00215	-0.00137
0.003712949	0.00548	0.01233	0.00859	0.00592	0.00165	-0.01721	-0.01735	-0.01604	-0.02548	-0.000330000000000004	0.000980000000000002	-0.00161
0.003780274	0.00949999999999999	0.01078	0.00974000000000001	0.01767	0.00304	-0.01792	-0.01713	-0.01601	-0.0254	1.99999999999992e-05	0.00025	4.99999999999945e-05
0.003848821	0.00905	0.01016	0.01008	0.00798	0.00254	-0.01712	-0.0164	-0.01584	-0.02373	0.00113000000000001	0.00077	-0.00115999999999999
0.00391861	0.00770000000000001	0.01171	0.00992	0.00721	0.00297	-0.01782	-0.01596	-0.01661	-0.02269	-0.000890000000000002	0.00108	-0.00152
0.003989665	0.00696	0.01108	0.00973	0.00661	0.00298	-0.01864	-0.01578	-0.01756	-0.02496	-0.00175	-0.000919999999999997	0.00077
0.004062008	0.00826	0.01272	0.01024	0.00715	0.0017	-0.01758	-0.01698	-0.01615	-0.02458	-0.000510000000000004	0.00299	-0.00175
0.004135663	0.00655	0.01121	0.0095	0.0071	0.00115	-0.01948	-0.01564	-0.01733	-0.02579	-0.00043	-0.000249999999999993	-0.00216
0.004210654	0.00829	0.01347	0.01007	0.00682	0.00173	-0.01601	-0.0159	-0.01704	-0.02548	-0.00105	0.000120000000000002	-0.00186
0.004287004	0.01006	0.01212	0.00807	0.00607	0.00269	-0.01843	-0.0155	-0.01524	-0.02371	0.00137	-0.00288	-0.00121
0.004364739	0.00828	0.01049	0.01063	0.00672	0.00165	-0.01903	-0.01557	-0.0162	-0.02687	-3.99999999999984e-05	-0.00388	-0.00114
0.004443883	0.00994	0.0102	0.0096	0.00654	0.00187	-0.01817	-0.01612	-0.01705	-0.02298	-0.000400000000000005	-0.00664	-8.00000000000037e-05
0.004524463	0.00708	0.01065	0.01073	0.00577	0.00216	-0.01831	-0.01682	-0.0154	-0.02427	0.000670000000000004	-0.005	-0.000369999999999995
0.004606503	0.00637	0.0107	0.00858	0.00534	0.00317	-0.0168	-0.01607	-0.01513	-0.02595	-0.000939999999999996	-0.00717	-0.00119
0.004690032	0.00899	0.01175	0.01302	0.0066	0.00606	-0.01828	-0.01792	-0.0163	-0.02459	0.00161	-0.00738	-0.00233
0.004775074	0.00769	0.01201	0.00938	0.00546	0.00131000000000001	-0.01735	-0.01556	-0.01563	-0.02528	0.00052	-0.00537	-0.000890000000000002
0.004861659	0.00866	0.01154	0.00959	0.00716	0.00221	-0.017	-0.01697	-0.01474	-0.02586	-0.000129999999999998	-0.00829	0.000290000000000006
0.004949814	0.00865	0.01259	0.00949999999999999	0.02082	0.00305	-0.0196	-0.01593	-0.01535	-0.02668	-0.00118	-0.00785	-0.00108
0.005039567	0.00779	0.01144	0.00998	0.00779	0.00248	-0.01742	-0.01626	-0.01507	-0.02647	0.00149	-0.00584	-0.00138
0.005130948	0.00926	0.01028	0.00884	0.00678	0.00147	-0.01651	-0.01537	-0.01692	-0.02423	0.000560000000000005	-0.00676	-0.00132
0.005223986	0.00779	0.00767	0.00945	0.00646	0.00116	-0.01593	-0.01591	-0.01734	-0.02643	0.00025	-0.00682	-0.000739999999999998
0.00531871	0.01047	0.00988	0.00898	0.00632000000000001	0.0036	-0.01818	-0.01583	-0.01588	-0.02534	0.00122	-0.00785	-0.000349999999999996
0.005415153	0.00918	0.01072	0.00783	0.01093	0.00334	-0.01734	-0.01491	-0.01849	-0.02325	-0.00151	-0.00612	-0.00084
0.005513344	0.01097	0.01142	0.00895	0.00636	0.00284	-0.01845	-0.01655	-0.01978	-0.0252	0.000309999999999998	-0.00714	-0.0015
0.005613316	0.01002	0.01001	0.01003	0.00741	0.00287	-0.01817	-0.01524	-0.01726	-0.025	0.000940000000000003	-0.00667	0.000379999999999998
0.0057151	0.01209	0.00902	0.00869	0.00608	0.00281	-0.01825	-0.01567	-0.02	-0.02625	-0.000380000000000005	-0.00785	7.00000000000006e-05
0.00581873	0.00885999999999999	0.01142	0.00614	0.00731	0.00311	-0.01972	-0.01506	-0.01806	-0.02493	0.000480000000000001	-0.00732	-0.00111
0.005924239	0.00995000000000001	0.01147	0.00928	0.00656	0.00153	-0.01915	-0.01607	-0.02029	-0.02488	0.0012	-0.00824	-0.000539999999999999
0.006031661	0.01176	0.01055	0.00967	0.00600000000000001	0.00301	-0.01886	-0.01666	-0.01931	-0.025	0.0013	-0.00732	-0.000940000000000003
0.006141031	0.0124	0.01242	0.00934000000000001	0.00532000000000001	0.00873	-0.01996	-0.0154	-0.02	-0.02579	0.00142	-0.01578	-0.00052
0.006252384	0.01175	0.01099	0.00982	0.00527	0.00288	-0.01936	-0.01503	-0.01945	-0.02609	0.00174000000000001	-0.01568	-0.00115
0.006365757	0.01053	0.01095	0.00915	0.00716	0.00191	-0.01947	-0.01796	-0.01815	-0.02747	-0.000909999999999994	-0.0172	0.00113
0.006481185	0.0121	0.01303	0.01004	0.00792	0.00267999999999999	-0.01999	-0.01632	-0.02069	-0.02621	0.0024	-0.01573	-0.00132
0.006598706	0.01077	0.01315	0.00851	0.00811	0.00181	-0.02023	-0.01707	-0.01894	-0.02846	-0.00148	-0.01376	-0.00148
0.006718358	0.00917	0.01336	0.0135	0.00572	0.00197	-0.01996	-0.01595	-0.02025	-0.02825	0.00117	-0.01397	-0.00167
0.00684018	0.01022	0.01407	0.00861000000000001	0.00692	0.00143	-0.01912	-0.01696	-0.01978	-0.02848	0.00157	-0.01176	-0.00018
0.00696421	0.0097	0.01182	0.00956	0.00853	0.00204	-0.02059	-0.01641	-0.01903	-0.02893	0.00128	-0.01222	-0.000709999999999995
0.00709049	0.0097	0.0138	0.01077	0.00634	0.00131000000000001	-0.02013	-0.01676	-0.0223	-0.03017	0.00182	-0.01198	-0.000760000000000004
0.00721906	0.01094	0.01444	0.01063	0.00676	0.00284	-0.0206	-0.01735	-0.02298	-0.02817	0.00086	-0.01041	-0.000910000000000001
0.00734996	0.01139	0.01449	0.01072	0.00677	0.00355999999999999	-0.01951	-0.01543	-0.02088	-0.02793	-0.000459999999999995	-0.00925	-0.000949999999999999
0.007483235	0.00957000000000001	0.01111	0.01088	0.00662	0.000839999999999994	-0.02096	-0.01732	-0.02172	-0.02934	1.99999999999992e-05	-0.00872	0.00139
0.007618926	0.00856999999999999	0.01214	0.01098	0.00775000000000001	0.00328000000000001	-0.02057	-0.01651	-0.01897	-0.02942	0.00206000000000001	-0.0067	-0.000379999999999998
0.007757077	0.01047	0.01392	0.01498	0.00714000000000001	0.00373	-0.02108	-0.0174	-0.02206	-0.02765	0.00104	-0.00622	-0.000989999999999998
0.007897733	0.0101	0.01259	0.01242	0.00708	0.003	-0.02046	-0.0161	-0.01951	-0.02971	0.000140000000000001	-0.00156000000000001	-0.00135
0.00804094	0.01057	0.01141	0.01272	-0.00333	0.00222000000000001	-0.02111	-0.01849	-0.02188	-0.02912	0.000320000000000001	-0.00282	-0.00116
0.008186744	0.0098	0.012	0.01099	0.00717	0.01133	-0.02223	-0.01785	-0.02154	-0.02767	-0.000289999999999999	-0.00455	-0.00166
0.008335191	0.00956	0.01203	0.00946	0.00979000000000001	0.00198	-0.02103	-0.0188	-0.0215	-0.02924	0.00106000000000001	-0.0039	-0.0017
0.008486331	0.01088	0.01543	0.01046	0.00748	0.00333	-0.02111	-0.01817	-0.01981	-0.02741	-8.99999999999929e-05	-0.00317	-0.00125
0.00864021	0.01167	0.01212	0.01176	0.00713	0.00337999999999999	-0.01959	-0.01633	-0.0211	-0.02896	0.00126	-0.00556000000000001	-0.000109999999999999
0.00879688	0.01057	0.01382	0.00917	0.00655	0.00334000000000001	-0.02175	-0.01812	-0.02156	-0.02837	0.000950000000000006	-0.00473	-0.000400000000000005
0.008956391	0.00939	0.01318	0.01028	0.00824999999999999	0.00298	-0.0227	-0.01583	-0.01939	-0.02851	1.99999999999922e-05	-0.00503000000000001	0.000140000000000001
0.009118794	0.01183	0.01039	0.01069	0.00753000000000001	0.00187999999999999	-0.02038	-0.01844	-0.01963	-0.02984	0.0018	-0.00261	-0.000799999999999995
0.009284142	0.01207	0.01578	0.01132	0.00856	0.00523999999999999	-0.02191	-0.01721	-0.02296	-0.0285	0.00214	0.0016	-0.00213000000000001
0.009452489	0.01108	0.01388	0.01256	0.00636	0.00187999999999999	-0.01928	-0.01858	-0.01903	-0.02847	0.000719999999999998	-0.00094000000000001	-0.00144
0.009623887	0.01007	0.0125	0.01052	0.00895	0.000710000000000002	-0.02055	-0.01868	-0.02038	-0.02863	-0.000129999999999991	-0.000609999999999999	-0.000729999999999995
0.009798394	0.00985999999999999	0.01368	0.01235	0.00684	0.00380999999999999	-0.02017	-0.01937	-0.02043	-0.02852	0.00016999999999999	-0.000609999999999999	-0.00113999999999999
0.009976065	0.00958000000000001	0.01205	0.00924	0.00875999999999999	0.00423	-0.02115	-0.01914	-0.01964	-0.02842	-0.000460000000000002	0.00135	-0.00197
0.01015696	0.00863	0.01291	0.01047	0.0091	0.00212	-0.0206	-0.0205	-0.01967	-0.03015	0.00091999999999999	-0.000219999999999998	-0.000820000000000001
0.01034113	0.00891	0.01239	0.01003	0.00862	0.00368	-0.02054	-0.01865	-0.01907	-0.02758	0.00147	0.00048999999999999	-0.000359999999999999
0.01052864	0.00971	0.01333	0.01144	0.00673	0.0024	-0.02035	-0.01717	-0.02109	-0.02885	0.000580000000000011	0.00167999999999999	-0.00448999999999999
0.01071955	0.00899	0.01312	0.01168	0.0082	0.00166999999999999	-0.02208	-0.02058	-0.0194	-0.02738	0.00201	0.00171	0.000820000000000001
0.01091393	0.00910000000000001	0.01408	0.01302	0.00753999999999999	0.00477999999999999	-0.02089	-0.01935	-0.02022	-0.02791	-0.000170000000000003	0.00183	-0.000400000000000011
0.01111183	0.00977	0.01278	0.01565	0.00892	0.00375	-0.0193	-0.01941	-0.02286	-0.02751	0.000920000000000004	-0.00115999999999999	-0.00133999999999999
0.01131331	0.00885	0.01314	0.01207	0.00832000000000001	0.00282	-0.02145	-0.01665	-0.02149	-0.02854	0.000189999999999996	-0.000909999999999994	-0.000340000000000007
0.01151845	0.0097	0.01397	0.01187	0.00799999999999999	0.00368	-0.02057	-0.0182	-0.0213	-0.02904	0.000469999999999998	0.000259999999999996	-0.000280000000000002
0.01172732	0.00956	0.01437	0.01107	0.00751	0.00258000000000001	-0.02036	-0.0178	-0.02016	-0.02708	0.00135	0.00137999999999999	-0.000130000000000005
0.01193996	0.01035	0.01482	0.02028	0.00824	0.00234000000000001	-0.01888	-0.0184	-0.02064	-0.02834	0.000350000000000003	0.000289999999999999	-0.00167
0.01215647	0.00967000000000001	0.01218	0.01085	0.00850000000000001	0.00325	-0.01962	-0.01786	-0.02062	-0.02658	-9.99999999999612e-06	0.00135	-0.00117
0.01237689	0.00955000000000002	0.01179	0.01395	0.00771999999999999	0.00157	-0.02144	-0.01707	-0.02279	-0.02665	0.00120999999999999	0.000789999999999999	-0.000449999999999992
0.01260132	0.00897000000000002	0.01281	0.01012	0.00745	0.00503999999999999	-0.01798	-0.01839	-0.02067	-0.02768	0.00043	0.00213999999999999	-0.00157
0.01282982	0.00928999999999999	0.01244	0.01198	0.00676	0.00428000000000001	-0.01941	-0.02025	-0.02108	-0.02816	-0.000340000000000007	0.00236	-0.00086
0.01306246	0.01055	0.01172	0.01059	0.00732999999999999	0.00436	-0.02061	-0.0206	-0.02155	-0.02919	0.0019	0.00165	-0.00146
0.01329931	0.00985	0.01012	0.00969	0.00708	0.00347	-0.02171	-0.01854	-0.02212	-0.02749	-0.00129	0.00211	-0.00213000000000001
0.01354046	0.00905000000000002	0.01105	0.01166	0.0083	0.00310000000000001	-0.02358	-0.01867	-0.02333	-0.0295	-0.000210000000000002	0.00093	0.000439999999999996
0.01378599	0.00936999999999999	0.01024	0.01082	0.00702	0.00299999999999999	-0.02227	-0.01888	-0.02162	-0.0286	0.00145999999999999	0.000209999999999988	9.9999999999989e-05
0.01403597	0.00917	0.01243	0.01153	0.00706000000000001	0.00391999999999999	-0.02055	-0.01576	-0.02074	-0.0282	-0.00091999999999999	0.000899999999999998	-0.000560000000000005
0.01429047	0.00978999999999999	0.01211	0.00932999999999999	0.00804999999999999	0.00432	-0.02012	-0.01706	-0.02243	-0.02862	-8.99999999999929e-05	-0.000959999999999989	-0.00205999999999999
0.0145496	0.0088	0.01188	0.00948	0.00724	0.00329	-0.0207	-0.01729	-0.02284	-0.02799	7.99999999999967e-05	0.00178	-0.00107
0.01481342	0.00819	0.01129	0.01017	0.00754000000000001	0.00253	-0.02171	-0.01632	-0.02044	-0.028	0.00115999999999999	0.00240000000000001	-0.000630000000000006
0.01508203	0.00872000000000001	0.01234	0.01149	0.00608	0.00385000000000001	-0.02195	-0.01826	-0.0201	-0.02776	0.000769999999999993	0.00164	-0.00219999999999999
0.01535551	0.00833	0.01126	0.01081	0.00621999999999999	0.00304	-0.02203	-0.01989	-0.02148	-0.02853	0.0038	2.00000000000061e-05	-0.00068
0.01563394	0.00816	0.01255	0.00948	0.00579999999999999	0.00389	-0.0236	-0.01746	-0.02074	-0.02961	-0.000710000000000002	0.00106000000000001	-0.000640000000000002
0.01591743	0.00905	0.0122	0.01141	0.00753999999999999	0.00280000000000001	-0.02169	-0.01626	-0.02159	-0.02947	-0.0005	0.00265	0.000219999999999998
0.01620605	0.00878000000000001	0.01171	0.00999	0.00695000000000001	0.00279	-0.02201	-0.01754	-0.02159	-0.02975	0.000850000000000004	0.00179	-0.000240000000000004
0.01649991	0.00941999999999998	0.01189	0.00871	0.00572	0.00424000000000001	-0.02203	-0.01705	-0.02181	-0.03073	0.000390000000000001	0.00106000000000001	-0.0019
0.0167991	0.01037	0.01223	0.01044	0.00592000000000001	0.00208999999999999	-0.0215	-0.01666	-0.01993	-0.03126	-0.0013	0.000380000000000005	0.00158000000000001
0.01710371	0.00766	0.01168	0.00972000000000001	0.00661	0.00273	-0.02353	-0.01734	-0.02095	-0.02998	-0.000339999999999993	0.00123999999999999	-0.00131000000000001
0.01741385	0.00902	0.01241	0.01155	0.00724	0.00323	-0.02195	-0.01682	-0.02059	-0.02908	-0.001	-0.000390000000000001	-0.00086
0.01772961	0.00924	0.01348	0.00977	0.00688	0.00337999999999999	-0.02317	-0.01793	-0.01825	-0.02995	5.00000000000084e-05	0.00132	-0.000920000000000004
0.01805109	0.00986999999999999	0.0138	0.01022	0.00767999999999999	0.00208	-0.02256	-0.01767	-0.01853	-0.02968	-0.000630000000000006	0.000560000000000005	-0.00253
0.01837841	0.00894	0.01265	0.01029	0.00697	0.00317999999999999	-0.02352	-0.01722	-0.01813	-0.02965	-0.000789999999999999	0.00109000000000001	0.00025
0.01871165	0.01025	0.0122	0.01027	0.00679000000000002	0.00360000000000001	-0.02316	-0.01627	-0.01541	-0.02715	0.00125	0.000820000000000001	0.000109999999999999
0.01905095	0.00931999999999999	0.01374	0.00942000000000001	0.00744	0.00306000000000001	-0.02199	-0.01632	-0.01926	-0.02806	0.000740000000000005	0.00171	-0.00091999999999999
0.01939639	0.01086	0.01221	0.01085	0.00614000000000001	0.00401000000000001	-0.02275	-0.01683	-0.0184	-0.02849	0.00179	0.00207	-0.000920000000000004
0.0197481	0.01063	0.01099	0.01081	0.00755999999999998	0.00308	-0.02141	-0.01854	-0.01785	-0.02756	-0.00148000000000001	0.0025	-0.000359999999999999
0.02010618	0.01098	0.01249	0.01166	0.00763	0.00359000000000001	-0.02182	-0.01758	-0.01787	-0.0268	0.00176999999999999	-0.000100000000000003	-0.00175
0.02047076	0.01244	0.01191	0.01123	0.00730999999999998	0.00308	-0.0209	-0.01559	-0.0174	-0.02771	0.000469999999999998	-0.00142	-0.00208
0.02084195	0.01072	0.01289	0.01176	0.00558999999999998	0.00258	-0.02157	-0.01622	-0.01739	-0.02662	0.00118	-0.000529999999999989	-0.000869999999999996
0.02121987	0.01309	0.01211	0.01072	0.00778999999999999	0.00278	-0.0215	-0.01553	-0.01808	-0.0257	0.0005	0.000160000000000007	-0.00167
0.02160465	0.01356	0.01128	0.01032	0.00821	0.00202000000000002	-0.02136	-0.01629	-0.01732	-0.02634	-0.000720000000000012	0.0019	-0.00051000000000001
0.0219964	0.0106	0.01187	0.01027	0.0078	0.00223999999999999	-0.02095	-0.01519	-0.01778	-0.0264	0.000950000000000006	0.00166999999999999	-0.000469999999999998
0.02239525	0.01183	0.01269	0.01367	0.00773000000000001	0.00172999999999998	-0.02072	-0.0169	-0.01606	-0.02549	0.000140000000000001	0.00188999999999999	-0.00204
0.02280133	0.01073	0.01319	0.01069	0.00709000000000001	0.00297	-0.02061	-0.01536	-0.01756	-0.02584	-0.000390000000000001	0.00112000000000001	-0.000199999999999992
0.02321478	0.01163	0.01317	0.01048	0.00811000000000001	0.00172	-0.02105	-0.01558	-0.01751	-0.02672	0.000479999999999994	-0.000769999999999993	-0.000850000000000004
0.02363573	0.01291	0.01356	0.0117	0.00769	0.00317999999999999	-0.02083	-0.01763	-0.01744	-0.02748	-0.000399999999999998	-0.000630000000000006	-0.000799999999999995
0.02406431	0.01041	0.01331	0.01116	0.00753000000000001	0.00297	-0.02063	-0.01555	-0.01772	-0.0264	0.000369999999999995	-0.000609999999999999	-0.00163000000000001
0.02450066	0.01031	0.0121	0.01199	0.00735	0.00232000000000002	-0.02124	-0.01537	-0.017	-0.02599	0.00093	0.00173	-0.000909999999999994
0.02494492	0.01093	0.01347	0.01085	0.00874	0.0025	-0.01995	-0.01418	-0.01649	-0.02597	-4.99999999999945e-05	0.00139	-0.00126000000000001
0.02539724	0.01076	0.01345	0.01041	0.0073	0.00294999999999998	-0.02097	-0.01439	-0.01669	-0.02528	0.000159999999999993	-0.000130000000000005	-5.00000000000084e-05
0.02585776	0.01077	0.01214	0.01147	0.00764000000000001	0.00381000000000001	-0.02089	-0.01626	-0.01717	-0.02594	0.00147	0.0019	-0.0034
0.02632663	0.00946	0.01231	0.01321	0.0081	0.00294	-0.01967	-0.01625	-0.01635	-0.0248	0.000960000000000003	0.00105999999999999	-0.00155
0.026804	0.01153	0.01211	0.01037	0.00731000000000001	0.00275	-0.02035	-0.01485	-0.01597	-0.02668	0.00118	-0.000240000000000004	-0.000200000000000006
0.02729003	0.00961000000000001	0.01252	0.00914000000000001	0.00727	0.00243000000000002	-0.01944	-0.01523	-0.01675	-0.02656	0.000839999999999994	0.001	0.000170000000000003
0.02778487	0.00764999999999999	0.01346	0.01171	0.0078	0.00256999999999999	-0.02047	-0.01382	-0.01638	-0.02555	0.000100000000000003	0.000570000000000001	-0.00126
0.02828868	0.01028	0.01244	0.01159	0.00853999999999999	0.00220000000000001	-0.02095	-0.01441	-0.01514	-0.02597	-0.000140000000000001	0.00179	-0.00137
0.02880163	0.01351	0.01406	0.01997	0.00631000000000001	0.00397	-0.01983	-0.01277	-0.01666	-0.02471	0.000390000000000001	0.00086	-0.000809999999999991
0.02932388	0.00892000000000001	0.01267	0.0118	0.00777999999999998	0.00278	-0.01918	-0.01336	-0.01721	-0.02403	0.00155	-0.00172	-0.00203999999999999
0.0298556	0.0123	0.01204	0.00997999999999999	0.00767999999999999	0.00314999999999999	-0.01993	-0.01411	-0.01606	-0.02566	0.000660000000000008	0.00129	-0.00121
0.03039696	0.00852999999999998	0.01333	0.01168	0.00668999999999997	0.00340000000000001	-0.02014	-0.01325	-0.01699	-0.02518	0.000960000000000003	0.000920000000000004	-0.000120000000000009
0.03094814	0.00923000000000002	0.01522	0.01083	0.00737000000000002	0.00383	-0.01902	-0.01456	-0.01661	-0.02526	-0.000949999999999993	0.000839999999999994	-0.000840000000000007
0.03150931	0.01024	0.01471	0.01177	0.00656999999999999	0.00197	-0.01985	-0.01495	-0.01611	-0.02578	0.000600000000000003	0.00116999999999999	0.000389999999999988
0.03208066	0.01031	0.01471	0.01079	0.00651000000000002	0.00323000000000001	-0.02019	-0.01376	-0.01619	-0.02443	0.000539999999999999	-0.000320000000000001	-0.00191
0.03266237	0.01067	0.01236	0.01181	0.00783999999999999	0.00387000000000001	-0.02055	-0.01325	-0.01604	-0.02619	0.000630000000000019	-0.00373	-0.00184000000000001
0.03325462	0.01001	0.0109	0.01265	0.00797	0.00287000000000001	-0.02052	-0.01437	-0.01679	-0.02466	1.99999999999922e-05	-0.00360999999999999	9.9999999999989e-05
0.03385762	0.01017	0.01232	0.01097	0.00752999999999998	0.00383	-0.02138	-0.0137	-0.01621	-0.02472	-0.0015	-0.00385999999999999	-0.00164
0.03447155	0.01059	0.01354	0.01102	0.00692999999999999	0.00211	-0.02073	-0.0134	-0.01692	-0.02515	-0.000830000000000025	-0.00466999999999999	-0.000170000000000003
0.03509661	0.00759000000000001	0.01198	0.01216	0.00662000000000001	0.00189	-0.02049	-0.01503	-0.01683	-0.02464	0.000450000000000006	-0.00405	-0.000409999999999994
0.035733	0.00963	0.01082	0.0129	0.0083	0.00287999999999999	-0.02015	-0.01455	-0.01658	-0.02614	0.00149000000000002	-0.00344	-0.00051000000000001
0.03638094	0.00961000000000001	0.01286	0.01205	0.00896000000000002	0.00275999999999998	-0.02107	-0.0146	-0.01637	-0.02607	0.00136	-0.00454	-0.000189999999999996
0.03704062	0.00839999999999999	0.01352	0.01158	0.00824	0.00367000000000001	-0.02026	-0.01565	-0.01656	-0.02595	-4.00000000000122e-05	-0.00434999999999999	3.99999999999984e-05
0.03771226	0.00869999999999999	0.01256	0.01001	0.00786000000000001	0.00146000000000002	-0.0204	-0.01536	-0.01432	-0.02513	0.000890000000000002	-0.00436	-0.000570000000000001
0.03839609	0.01047	0.01364	0.02183	0.00747	0.00244	-0.02023	-0.01476	-0.01567	-0.02642	0.000469999999999998	-0.00516	0.000100000000000003
0.03909231	0.00889000000000001	0.01195	0.01166	0.00861999999999999	0.00412999999999999	-0.0205	-0.015	-0.01593	-0.02587	0.000430000000000014	-0.00447	-0.00116999999999999
0.03980116	0.00802	0.01262	0.01163	0.00978000000000001	0.00108000000000003	-0.01985	-0.0171	-0.0153	-0.02688	0.00048999999999999	-0.00410000000000001	-0.000149999999999997
0.04052286	0.00867000000000001	0.01341	0.01146	0.00672	0.00135000000000002	-0.01945	-0.01574	-0.01452	-0.02544	0.000750000000000001	-0.00518999999999999	-0.000539999999999999
0.04125765	0.00908	0.01349	0.01137	0.00778000000000001	0.00330999999999998	-0.02061	-0.01512	-0.01633	-0.02598	0.000680000000000014	-0.00405	-0.000689999999999996
0.04200576	0.00872000000000001	0.01238	0.01205	0.00743999999999997	0.00167999999999999	-0.02064	-0.01679	-0.0175	-0.02646	0.00106000000000001	-0.00391000000000001	-0.000159999999999993
0.04276743	0.01022	0.01013	0.01329	0.00833999999999999	0.00408	-0.01922	-0.01572	-0.01504	-0.02522	0.000630000000000019	-0.00362999999999999	-0.000579999999999997
0.04354292	0.01085	0.01364	0.0118	0.00841999999999998	0.00320000000000001	-0.01918	-0.01579	-0.01617	-0.02589	0.000439999999999996	-0.00486	-0.00189
0.04433247	0.00969	0.01209	0.00847999999999999	0.00795999999999999	0.00383	-0.02038	-0.01495	-0.0161	-0.0261	0.00181999999999999	-0.00447	-0.00044000000000001
0.04513634	0.00981000000000001	0.01261	0.01253	0.00884000000000001	0.00253	-0.02047	-0.01647	-0.01602	-0.02494	0.000810000000000005	-0.00497	-0.00093
0.04595478	0.00804000000000002	0.01029	0.01257	0.00745999999999999	0.00307000000000002	-0.02087	-0.0155	-0.01668	-0.0261	0.000760000000000011	-0.00354000000000002	-0.00086
0.04678806	0.00902999999999998	0.01154	0.01126	0.00780999999999998	0.00290000000000001	-0.02032	-0.01618	-0.0152	-0.02498	0.000799999999999995	-0.00420000000000001	0.000780000000000003
0.04763645	0.01088	0.01062	0.01012	0.00774999999999998	0.00342999999999999	-0.02137	-0.01552	-0.01528	-0.02488	-0.000339999999999979	-0.00510000000000002	0.000170000000000003
0.04850023	0.01213	0.01237	0.00866999999999998	0.00725000000000001	0.00309000000000001	-0.02056	-0.01451	-0.01703	-0.0248	0.000840000000000007	-0.00184000000000001	-0.00175
0.04937966	0.01157	0.01094	0.01128	0.00802	0.00411	-0.02269	-0.01604	-0.01593	-0.02611	0.00127999999999998	0.00163000000000002	-0.000359999999999999
0.05027505	0.00993000000000002	0.01088	0.01205	0.00813999999999998	0.00408	-0.02119	-0.0162	-0.01689	-0.02419	-0.000150000000000011	0.000899999999999984	-0.000409999999999994
0.05118667	0.01076	0.01195	0.00921	0.00664000000000001	0.00298999999999999	-0.02189	-0.01561	-0.01621	-0.02415	0.000909999999999994	0.00130000000000002	0.00109999999999999
0.05211482	0.01032	0.01411	0.01196	0.00873000000000002	0.00441	-0.02017	-0.01635	-0.01779	-0.02586	0.00108	0.00101999999999999	-4.99999999999945e-05
0.0530598	0.00941999999999998	0.01078	0.01475	0.00769999999999998	0.00463	-0.02172	-0.01617	-0.01807	-0.02461	-0.000549999999999995	0.000680000000000014	-0.000760000000000011
0.05402192	0.01102	0.0119	0.01054	0.00620000000000001	0.003	-0.02148	-0.01653	-0.01911	-0.02509	0.00120999999999999	0.000840000000000007	0.000719999999999998
0.05500148	0.00867999999999999	0.01341	0.00947000000000001	0.00811000000000001	0.00297	-0.02227	-0.0155	-0.0178	-0.02394	0.00122	-0.000390000000000001	-0.000210000000000016
0.0559988	0.00955	0.01387	0.01115	0.01074	0.00487000000000001	-0.02264	-0.0153	-0.01837	-0.0258	0.00101999999999999	-0.00187999999999999	-0.00128999999999999
0.05701421	0.01236	0.0121	0.01203	0.00677	0.00294	-0.01988	-0.01568	-0.01754	-0.02552	0.00102000000000002	-0.00247	-0.000419999999999976
0.05804803	0.00870000000000001	0.01478	0.00988999999999998	0.00739999999999999	0.00378000000000001	-0.02275	-0.01573	-0.01747	-0.02676	0.000730000000000008	-0.00247	-0.000120000000000009
0.05910059	0.00794999999999998	0.01103	0.01124	0.00870000000000001	0.00266	-0.02106	-0.01617	-0.01763	-0.02411	0.000840000000000007	-0.00286999999999998	-0.00108
0.06017224	0.00828999999999999	0.0118	0.0116	0.00697999999999999	0.00348999999999999	-0.02366	-0.01478	-0.0159	-0.02465	0.00123999999999999	0.00113000000000002	0.00192000000000001
0.06126333	0.00957999999999998	0.01162	0.00986999999999999	0.00731999999999999	0.00373999999999999	-0.02281	-0.0153	-0.01701	-0.02505	0.000670000000000004	0.00025	-0.000700000000000006
0.06237419	0.01114	0.01283	0.01032	0.005	0.00183	-0.02495	-0.01645	-0.01939	-0.02572	0.000359999999999999	0.00106000000000001	-0.00295000000000001
0.0635052	0.01098	0.01175	0.0117	0.0063	0.00131999999999999	-0.02237	-0.01576	-0.01666	-0.02517	0.00208	0.000969999999999999	-0.00192000000000001
0.06465672	0.01073	0.01338	0.01047	0.00688999999999998	0.00319	-0.02312	-0.01603	-0.01784	-0.0258	-0.000390000000000001	0.00087000000000001	-0.00167
0.06582912	0.00953000000000001	0.01431	0.01123	0.00545000000000001	0.00427	-0.02176	-0.01683	-0.01929	-0.02704	0.000109999999999999	0.000670000000000004	-0.000120000000000009
0.06702278	0.01056	0.0116	0.00944999999999999	0.00658	0.00434000000000001	-0.02229	-0.01497	-0.01818	-0.0267	-9.9999999999989e-05	0.00114	-0.000209999999999988
0.06823808	0.00824	0.013	0.00788999999999998	0.00704000000000002	0.00348000000000001	-0.02201	-0.01626	-0.01975	-0.02661	0.00144	0.00170999999999999	-0.000150000000000011
0.06947542	0.00869	0.01402	0.01089	0.00961000000000001	0.00170000000000001	-0.02437	-0.01596	-0.01843	-0.02798	0.000820000000000015	0.00116999999999998	-0.00086
0.07073519	0.00847999999999999	0.01243	0.00962000000000002	0.00681999999999999	0.00209000000000001	-0.02269	-0.01671	-0.01899	-0.02582	0.00227000000000002	0.00301999999999999	-0.00109000000000001
0.07201781	0.01011	0.01165	0.00976000000000002	0.00834000000000001	0.00192000000000001	-0.02323	-0.01507	-0.01894	-0.02635	0.00104000000000001	0.000780000000000003	0.000709999999999988
0.07332368	0.00997999999999999	0.01135	0.01231	0.00633	0.00264	-0.02113	-0.01769	-0.01985	-0.02738	0.00198000000000001	0.00128	-0.000329999999999997
0.07465324	0.00900999999999999	0.01073	0.01254	0.0076	0.00196000000000002	-0.0217	-0.01588	-0.01905	-0.0274	0.00025	0.00125	0.000530000000000003
0.0760069	0.00925999999999999	0.01086	0.01077	0.00722999999999999	0.00370999999999999	-0.0222	-0.01419	-0.01964	-0.02735	0.00162000000000001	0.000989999999999991	7.00000000000145e-05
0.0773851	0.0104	0.01259	0.0118	0.00668000000000002	0.00204000000000001	-0.0234	-0.01554	-0.01811	-0.02717	0.000650000000000012	-0.00133	-0.000640000000000002
0.0787883	0.00801000000000002	0.01161	0.00925000000000001	0.00791	0.00305999999999998	-0.02261	-0.01696	-0.02017	-0.02679	0.00256999999999999	0.00184000000000001	-0.00112999999999999
0.08021694	0.0086	0.01267	0.01089	0.00685000000000002	0.00394999999999998	-0.02091	-0.016	-0.01912	-0.02517	0.00314	-0.00448999999999999	-0.00163000000000002
0.08167149	0.00828999999999999	0.01328	0.01065	0.00860000000000002	0.00297	-0.02075	-0.01624	-0.01918	-0.02854	0.000159999999999993	-0.00303	-0.000100000000000017
0.08315241	0.00921	0.01304	0.01188	0.00582000000000002	0.000799999999999995	-0.022	-0.01706	-0.02031	-0.02777	0.00212000000000001	-0.0045	-0.00170000000000001
0.08466019	0.0083	0.01176	0.01227	0.00545000000000001	0.00234999999999999	-0.02259	-0.01646	-0.02171	-0.028	0.000620000000000009	-0.00403000000000001	0.0005
0.0861953	0.00922999999999999	0.01264	0.01245	0.00730999999999998	0.000949999999999979	-0.0235	-0.0173	-0.02282	-0.0289	0.00181000000000001	-0.00456000000000001	-0.000329999999999997
0.08775825	0.00818000000000002	0.01436	0.01301	0.00863	0.00357000000000002	-0.02347	-0.01486	-0.01918	-0.02685	0.000779999999999975	-0.00581000000000001	-0.00022999999999998
0.08934954	0.00939000000000001	0.01446	0.01152	0.00791999999999998	0.00348000000000001	-0.01968	-0.01725	-0.0209	-0.02624	0.00116000000000002	-0.00533	-0.000910000000000022
0.09096969	0.00886000000000001	0.014	0.00930999999999998	0.00736999999999999	0.0033	-0.02479	-0.0131	-0.02062	-0.02833	-0.000109999999999999	-0.00392000000000001	-0.000989999999999991
0.09261921	0.00835	0.01348	0.00925999999999999	0.00649	0.0025	-0.02229	-0.01611	-0.0198	-0.02801	0.000959999999999989	-0.00538	-0.000620000000000009
0.09429864	0.00939999999999999	0.01308	0.0112	0.00823000000000002	0.00417999999999999	-0.02248	-0.01553	-0.02013	-0.02771	0.00236	-0.00568000000000002	-0.000689999999999996
0.09600853	0.00994999999999999	0.01269	0.01159	0.00877	0.00229000000000001	-0.02236	-0.01716	-0.0225	-0.02658	0.000200000000000006	-0.00584999999999999	-0.00172
0.09774942	0.00860000000000002	0.01142	0.01326	0.00677999999999998	0.00256000000000001	-0.02428	-0.01599	-0.02281	-0.02768	-0.000349999999999989	-0.00786000000000001	-0.000359999999999999
0.09952187	0.00821	0.01127	0.01325	0.00785	0.00144000000000002	-0.02263	-0.01629	-0.02007	-0.02827	0.00222	-0.00728000000000001	-0.00108999999999998
0.1013265	0.00840000000000002	0.01138	0.01096	0.00866	0.00223999999999999	-0.0221	-0.01585	-0.01932	-0.02856	-0.000869999999999982	-0.00713	0.000119999999999981
0.1031638	0.01026	0.01148	0.01264	0.00817000000000001	0.00324000000000002	-0.02341	-0.0156	-0.01699	-0.02702	0.000469999999999998	-0.00643000000000002	-0.00164
0.1050344	0.01081	0.01094	0.01905	0.00766	0.00387999999999999	-0.02069	-0.01552	-0.02029	-0.02655	-0.000640000000000002	-0.00789000000000001	0.000140000000000001
0.106939	0.01096	0.01321	0.01307	0.00921	0.00191	-0.02298	-0.01527	-0.01838	-0.02723	0.0005	-0.00542999999999999	-0.00317000000000001
0.1088781	0.00913	0.01393	0.01101	0.00814000000000001	0.00484000000000001	-0.02289	-0.01579	-0.0181	-0.02711	-0.000509999999999983	-0.00515000000000002	0.00263999999999998
0.1108523	0.00898000000000002	0.01128	0.01192	0.00734000000000001	0.00225	-0.02368	-0.01412	-0.01799	-0.02592	-0.000370000000000009	-0.00788	0.00128
0.1128624	0.00856999999999999	0.01189	0.01338	0.00825000000000001	0.00379000000000002	-0.02329	-0.01511	-0.01722	-0.02764	-0.000450000000000006	-0.00476000000000001	0.00134000000000001
0.1149089	0.01046	0.01258	0.01097	0.00767000000000001	0.00441	-0.0225	-0.01543	-0.01656	-0.02646	0.0013	-0.00612000000000001	0.000200000000000006
0.1169925	0.01065	0.01238	0.01082	0.0088	0.00442999999999999	-0.02347	-0.01353	-0.01581	-0.02757	0.00219	-0.00581000000000001	0.000450000000000006
0.1191138	0.01099	0.01275	0.01138	0.00758999999999999	0.00281000000000001	-0.02006	-0.01644	-0.01717	-0.02756	0.00206000000000001	-0.00614999999999999	-0.000379999999999991
0.1212737	0.00887000000000002	0.01168	0.01171	0.00588	0.00295000000000001	-0.02319	-0.01357	-0.0171	-0.02513	-0.000359999999999999	-0.00422	-0.000750000000000001
0.1234727	0.00944999999999999	0.01283	0.01071	0.00767999999999999	0.00414	-0.02195	-0.01616	-0.01656	-0.02575	0.00112999999999999	-0.00584999999999999	-0.000549999999999995
0.1257116	0.01073	0.01243	0.01272	0.00750999999999999	0.00191000000000002	-0.02232	-0.01317	-0.01672	-0.02798	-0.000429999999999986	-0.00625000000000001	-0.00142999999999999
0.1279911	0.00986999999999999	0.01284	0.01168	0.00760000000000002	0.00356999999999999	-0.02288	-0.01591	-0.01747	-0.02619	0.00201999999999999	-0.00612000000000001	-1.99999999999922e-05
0.1303119	0.00822000000000001	0.01133	0.01064	0.00691	0.0018	-0.02301	-0.01407	-0.01584	-0.0244	0.0028	-0.00269	-0.00105999999999998
0.1326748	0.01087	0.01177	0.01105	0.00786000000000001	0.00428000000000001	-0.02419	-0.01376	-0.01657	-0.02691	-0.00126000000000001	-0.00216	0.000599999999999989
0.1350805	0.01048	0.01285	0.01065	0.00768000000000002	0.00463	-0.02397	-0.01415	-0.01774	-0.02521	0.000719999999999998	-0.00269	-0.00310000000000002
0.1375299	0.00934000000000001	0.01276	0.00983000000000001	0.00842999999999999	0.0028	-0.02468	-0.0157	-0.01845	-0.02661	0.000780000000000003	-0.00349999999999998	0.00261
0.1400237	0.00939000000000001	0.01126	0.01115	0.00756999999999999	0.00258	-0.0249	-0.01395	-0.01875	-0.02533	0.00127999999999998	-0.00394	-0.0015
0.1425627	0.00844	0.01105	0.00944999999999999	0.00824000000000003	0.00392999999999999	-0.02224	-0.01447	-0.01818	-0.02633	0.00109000000000001	-0.00456999999999999	-0.000549999999999995
0.1451477	0.00934000000000001	0.01294	0.01019	0.00667999999999999	0.00497	-0.02448	-0.01593	-0.01682	-0.0278	-0.000560000000000005	-0.00219	-0.00322
0.1477797	0.01043	0.0131	0.00853999999999999	0.00614000000000001	0.00294	-0.02276	-0.01494	-0.01736	-0.02621	0.00155	-0.00356000000000001	0.000179999999999986
0.1504593	0.00962000000000002	0.01261	0.00801000000000002	0.00726000000000002	0.00425999999999999	-0.02191	-0.0136	-0.01669	-0.02536	0.000840000000000007	-0.00434000000000001	0.000809999999999977
0.1531875	0.01036	0.01333	0.01139	0.00783999999999999	0.00548999999999999	-0.02346	-0.01596	-0.01506	-0.02652	0.00193000000000002	-0.00439000000000001	-0.000280000000000002
0.1559652	0.00986000000000001	0.01241	0.00979000000000002	0.00817000000000001	0.00253	-0.02223	-0.01512	-0.017	-0.02685	0.00267000000000001	-0.00271000000000002	-0.00259000000000001
0.1587933	0.00938	0.01394	0.00991	0.00734000000000001	0.00284999999999999	-0.0231	-0.01653	-0.01617	-0.02461	0.00263000000000002	-0.00300999999999998	-0.00142999999999999
0.1616726	0.00927	0.01376	0.01051	0.0078	0.00320999999999999	-0.02466	-0.01563	-0.01919	-0.02887	0.00159999999999999	-0.00230000000000002	-0.000519999999999993
0.1646042	0.00983999999999999	0.01222	0.01163	0.00545999999999999	0.00281999999999999	-0.02505	-0.01459	-0.01543	-0.02757	0.00114	-0.00257000000000002	-0.000349999999999989
0.1675889	0.00881000000000001	0.01125	0.01124	0.00691	0.00156000000000001	-0.02225	-0.01555	-0.01683	-0.02765	0.00262000000000001	-0.00241	-0.00193000000000002
0.1706277	0.01114	0.0114	0.0118	0.00708	0.00278	-0.02319	-0.01573	-0.01669	-0.02577	0.00284000000000001	0.000840000000000007	0.000689999999999996
0.1737217	0.00806999999999999	0.01264	0.01245	0.00772	0.00513	-0.02428	-0.01659	-0.01664	-0.0251	0.000200000000000006	0.00105000000000002	0.0015
0.1768717	0.01079	0.01376	0.01103	0.00593000000000002	0.00487000000000001	-0.02407	-0.01605	-0.01724	-0.02521	0.000780000000000003	0.00264	-0.000710000000000016
0.1800789	0.00940000000000002	0.01179	0.01189	0.00733	0.00375999999999999	-0.02404	-0.01715	-0.0176	-0.02544	0.00161	0.00147	0.001
0.1833442	0.00880999999999998	0.01327	0.01098	0.00664000000000001	0.00447999999999998	-0.02436	-0.0164	-0.01754	-0.02665	0.00047999999999998	0.00025	0.000209999999999988
0.1866687	0.01011	0.01159	0.01124	0.00765000000000002	0.00262999999999999	-0.02252	-0.01829	-0.01791	-0.02608	0.000369999999999981	0.00134999999999999	-0.00106999999999999
0.1900535	0.01069	0.0126	0.0115	0.00925000000000001	0.00317000000000001	-0.02426	-0.01608	-0.01613	-0.02717	0.00125	0.000170000000000003	1.99999999999922e-05
0.1934997	0.01202	0.01269	0.0118	0.00649	0.00298000000000001	-0.0245	-0.01482	-0.01524	-0.02407	0.00163000000000002	0.0023	-0.00084999999999999
0.1970083	0.00913	0.01279	0.01134	0.00637000000000001	0.00334999999999999	-0.02301	-0.01535	-0.0154	-0.02646	0.000899999999999984	0.00333999999999998	0.000930000000000014
0.2005806	0.01008	0.01408	0.01154	0.00913	0.00405	-0.02293	-0.01592	-0.01588	-0.02551	0.00265000000000001	0.00270000000000001	-0.00120000000000001
0.2042177	0.00985	0.01258	0.01237	0.00911000000000001	0.00232000000000002	-0.02402	-0.0138	-0.01702	-0.02459	0.000480000000000008	0.00131000000000001	0.00144
0.2079207	0.00864999999999999	0.01335	0.01255	0.00761999999999999	0.00448999999999999	-0.02163	-0.01537	-0.01729	-0.02433	0.00136999999999998	0.000259999999999982	-0.000519999999999993
0.2116908	0.01174	0.01281	0.01196	0.00858	0.00511	-0.02315	-0.01573	-0.01593	-0.02459	0.000469999999999998	0.00131000000000001	-0.000180000000000013
0.2155294	0.01147	0.01302	0.01116	0.00821	0.00409999999999999	-0.02361	-0.01493	-0.01346	-0.02516	0.00310000000000002	0.00109000000000001	0.000240000000000018
0.2194375	0.01378	0.01174	0.01264	0.00886000000000001	0.00205	-0.0225	-0.0149	-0.01641	-0.02519	0.00194	0.000819999999999987	0.00190000000000001
0.2234165	0.01119	0.01196	0.01062	0.00828999999999999	0.000959999999999989	-0.02299	-0.01479	-0.01434	-0.02527	0.00120000000000001	0.000730000000000008	-0.00227000000000002
0.2274676	0.00986000000000001	0.01234	0.01227	0.00741	0.00286	-0.02093	-0.01433	-0.01505	-0.0241	0.00105	0.00231000000000001	0.00170000000000001
0.2315922	0.01044	0.01294	0.01136	0.00783	0.00341	-0.02205	-0.01483	-0.01512	-0.02576	0.00164999999999998	0.00144	0.000170000000000003
0.2357916	0.01125	0.01227	0.01033	0.00838	0.00181999999999999	-0.02208	-0.0144	-0.01672	-0.02728	0.00175	0.00153999999999999	9.9999999999989e-05
0.2400671	0.01172	0.01274	0.01153	0.00844	0.00198000000000001	-0.02158	-0.01326	-0.016	-0.02419	0.000829999999999997	0.00191000000000002	-0.000530000000000003
0.2444202	0.00972999999999999	0.0126	0.01154	0.00684000000000001	0.00173999999999999	-0.02131	-0.01351	-0.01826	-0.0253	0.00108	0.00157000000000002	-0.00114
0.2488521	0.01154	0.01297	0.01216	0.00842999999999999	0.00240000000000001	-0.02079	-0.01636	-0.0173	-0.0253	0.00188999999999998	0.00237999999999999	-0.00140000000000001
0.2533645	0.01126	0.01384	0.011	0.00722	0.00122	-0.02162	-0.01729	-0.01736	-0.02463	0.00209000000000001	3.00000000000022e-05	-0.00086
0.2579587	0.01257	0.01331	0.01206	0.00882000000000002	0.00163000000000002	-0.01925	-0.01584	-0.01933	-0.0248	0.000930000000000014	0.000530000000000003	0.00101000000000001
0.2626361	0.01024	0.01454	0.01301	0.00780999999999998	0.00181000000000001	-0.02271	-0.0153	-0.01732	-0.02663	0.00199000000000002	0.00237999999999999	0.00108000000000003
0.2673984	0.01103	0.01101	0.01016	0.00805	0.00115000000000001	-0.02105	-0.0163	-0.01789	-0.02583	0.00186999999999998	0.000980000000000009	-4.00000000000122e-05
0.2722471	0.0109	0.01283	0.01222	0.00860999999999998	0	-0.02234	-0.01668	-0.01768	-0.02586	0.00285000000000002	0.00180999999999998	-0.000390000000000001
0.2771836	0.00945999999999997	0.01267	0.01227	0.00767999999999999	0.00153999999999999	-0.02244	-0.01598	-0.01898	-0.02425	0.00143000000000001	0.00101000000000001	-0.000640000000000002
0.2822097	0.01008	0.01295	0.01149	0.0078	0.00203999999999999	-0.0223	-0.01741	-0.01752	-0.02551	0.00259999999999999	0.00165000000000001	0.000319999999999987
0.2873269	0.00722	0.01289	0.01135	0.00875000000000001	0.00241	-0.02461	-0.0168	-0.01829	-0.02574	0.00297	0.00103	0
0.2925369	0.00899	0.0128	0.01293	0.00982000000000002	0.00101000000000001	-0.02206	-0.01739	-0.01749	-0.02589	0.000719999999999998	0.00276000000000001	-0.000559999999999977
0.2978414	0.00971	0.01318	0.01343	0.00820000000000001	0.00261	-0.02175	-0.01797	-0.01752	-0.02555	0.000779999999999975	0.00195000000000001	-0.000689999999999996
0.3032421	0.00907999999999998	0.01361	0.01332	0.00951000000000002	0.00182000000000002	-0.02319	-0.01819	-0.01652	-0.02554	0.00172999999999998	0.00148999999999999	-0.00131000000000001
0.3087406	0.00787000000000004	0.01262	0.01073	0.00873000000000002	0.00156000000000001	-0.02165	-0.01832	-0.01758	-0.02594	0.000889999999999974	0.00189	-0.00173000000000001
0.3143389	0.00919999999999999	0.01182	0.0137	0.00638000000000005	0.00212000000000001	-0.02003	-0.01715	-0.01889	-0.0258	0.00153	0.000760000000000011	-0.000730000000000008
0.3200387	0.01129	0.01483	0.01231	0.00773000000000001	0.000980000000000009	-0.02082	-0.01784	-0.01631	-0.02363	0.00088000000000002	0.00087000000000001	-0.000390000000000001
0.3258419	0.01008	0.01055	0.01239	0.00980999999999999	0.00256000000000001	-0.02003	-0.01751	-0.01682	-0.02538	0.00287000000000001	0.00295000000000001	-0.000379999999999991
0.3317503	0.00735999999999998	0.0131	0.0117	0.00844	0.0035	-0.01957	-0.01786	-0.0153	-0.02306	0.00287000000000001	0.00114	9.00000000000067e-05
0.3377658	0.00963000000000003	0.0129	0.01307	0.00962999999999997	0.00195999999999996	-0.01585	-0.01455	-0.01657	-0.02538	0.000899999999999984	0.00109000000000001	0.000400000000000011
0.3438904	0.01004	0.0133	0.00994999999999996	0.00914000000000004	0.00273000000000001	-0.01787	-0.01564	-0.0179	-0.02515	0.00116000000000002	0.00232000000000002	0.000349999999999989
0.350126	0.01003	0.01205	0.01126	0.00878000000000001	0.00384000000000001	-0.01523	-0.01633	-0.01874	-0.02559	0.000820000000000015	0.00162999999999999	3.00000000000022e-05
0.3564747	0.01064	0.00975999999999999	0.00881999999999999	0.00659000000000004	0.00438	-0.01378	-0.01777	-0.01938	-0.02561	0.00198999999999999	0.00253999999999999	-0.000719999999999998
0.3629386	0.01045	0.01254	0.01042	0.00806000000000001	0.00131999999999999	-0.01556	-0.01665	-0.01774	-0.02664	0.00212999999999999	0.00311999999999998	3.00000000000022e-05
0.3695196	0.00761000000000001	0.00988	0.0108	0.00764000000000004	0.000850000000000017	-0.01892	-0.01715	-0.01907	-0.02588	0.00230999999999998	0.00218000000000002	0.000980000000000009
0.37622	0.00849	0.01112	0.0101	0.00750000000000001	0.00261	-0.02036	-0.01566	-0.01909	-0.02681	0.00293000000000002	0.00298000000000001	-0.000329999999999997
0.3830419	0.00953999999999999	0.01307	0.00939000000000001	0.00886999999999999	0.00163000000000002	-0.0198	-0.01584	-0.02135	-0.02722	0.00237999999999999	0.00223000000000001	0.000969999999999999
0.3899874	0.00957999999999998	0.01137	0.01013	0.00791999999999998	0.00240999999999997	-0.02367	-0.01723	-0.01853	-0.02813	0.00173000000000001	0.00129000000000001	0.00109999999999999
0.3970589	0.01019	0.01165	0.01068	0.00750999999999996	0.00292000000000003	-0.02416	-0.01728	-0.02097	-0.02736	0.00284000000000001	0.00384999999999999	-0.000359999999999999
0.4042587	0.00929000000000002	0.01333	0.01253	0.00734000000000001	0.000749999999999973	-0.02315	-0.01791	-0.01914	-0.02767	0.000250000000000028	0.00118000000000001	0.000480000000000008
0.411589	0.00905	0.0127	0.01166	0.00713999999999998	0.00114999999999998	-0.02372	-0.0178	-0.01891	-0.02741	0.00180000000000002	0.00335000000000002	0.00130999999999998
0.4190522	0.00872999999999996	0.01207	0.01138	0.00718000000000002	0.00378000000000001	-0.02727	-0.01662	-0.01837	-0.02864	0.00538	0.00354000000000004	0.00106999999999999
0.4266507	0.00969999999999999	0.01132	0.00996000000000002	0.00823000000000002	0.00230000000000002	-0.02831	-0.01738	-0.02127	-0.02661	0.00363999999999998	0.00246000000000002	0.00158
0.434387	0.00878999999999996	0.01175	0.0114	0.00667000000000001	0.00278	-0.0285	-0.01484	-0.01847	-0.02697	0.00389	0.00142000000000003	0.000819999999999987
0.4422636	0.00888	0.01276	0.01089	0.00858999999999999	0.00284000000000001	-0.02682	-0.01596	-0.01682	-0.02618	0.00320999999999999	0.000759999999999983	0.00125999999999998
0.450283	0.00871	0.01076	0.01106	0.00834999999999997	0.00324000000000002	-0.02395	-0.01716	-0.01679	-0.02818	0.00190000000000001	0.00423999999999997	0.000629999999999964
0.4584478	0.01044	0.01161	0.01133	0.00874000000000003	0.00435000000000002	-0.02662	-0.0165	-0.01595	-0.02756	0.00235000000000002	0.000759999999999983	0.000580000000000025
0.4667607	0.00895000000000001	0.01147	0.011	0.00841000000000003	0.00378000000000001	-0.02473	-0.01722	-0.01556	-0.02649	0.00253000000000003	0.00335999999999997	-5.9999999999949e-05
0.4752243	0.01299	0.01103	0.01019	0.00736999999999999	0.000979999999999981	-0.02498	-0.01582	-0.01712	-0.02682	0.00115000000000004	0.000890000000000002	0.000439999999999996
0.4838414	0.01178	0.01256	0.01127	0.00773000000000001	0.00379999999999997	-0.02493	-0.01414	-0.01658	-0.02538	0.00320999999999999	0.00222	-7.9999999999969e-05
0.4926147	0.01096	0.0102	0.01036	0.00868999999999998	0.00357000000000002	-0.02563	-0.01549	-0.01674	-0.0253	0.00227000000000005	0.00269000000000003	-0.000950000000000006
0.5015472	0.01041	0.01063	0.00879999999999997	0.00736999999999999	0.00436000000000003	-0.02518	-0.01583	-0.01789	-0.02539	0.00292000000000003	0.00249000000000005	0.000920000000000032
0.5106415	0.01134	0.01296	0.00959000000000004	0.00785000000000002	0.00516	-0.02404	-0.01463	-0.0182	-0.02677	0.00367000000000001	0.00416	0.000800000000000023
0.5199008	0.00939000000000001	0.01292	0.01167	0.00839000000000001	0.00418999999999997	-0.02411	-0.01406	-0.01674	-0.02592	0.00235999999999997	0.00189999999999996	-0.000210000000000043
0.529328	0.00966	0.01077	0.01089	0.00664999999999999	0.00233999999999995	-0.02388	-0.01463	-0.01525	-0.02346	0.00290999999999997	0.00220999999999999	0.000769999999999993
0.5389261	0.00973999999999997	0.01112	0.00956999999999997	0.00902000000000003	0.00130999999999998	-0.02377	-0.01309	-0.01677	-0.02576	0.002	0.00229000000000001	0.000379999999999991
0.5486983	0.01108	0.01201	0.01328	0.00821	0.00306000000000001	-0.02361	-0.01417	-0.01508	-0.02571	0.00255	0.00351000000000001	0.000960000000000016
0.5586477	0.00978000000000001	0.01436	0.01295	0.00734999999999997	0.00329000000000002	-0.02247	-0.01332	-0.01385	-0.02586	0.00248000000000004	0.00369000000000003	0.00202000000000002
0.5687774	0.0115400000000001	0.01246	0.01294	0.00922999999999996	0.00348999999999999	-0.0231	-0.01275	-0.0164	-0.02587	0.00158999999999998	0.00140000000000001	0.00234000000000001
0.5790909	0.01059	0.01227	0.01238	0.01095	0.00258000000000003	-0.02416	-0.01207	-0.01559	-0.02604	0.00312000000000001	0.00334000000000001	0.000140000000000029
0.5895913	0.00946000000000002	0.01279	0.01336	0.00794	0.00287999999999999	-0.02344	-0.01276	-0.01476	-0.02468	0.00125999999999998	0.00319000000000003	0
0.6002822	0.01051	0.01277	0.01337	0.00994	0.00338000000000005	-0.02244	-0.01203	-0.01522	-0.0267	0.00312000000000001	0.00439000000000001	0.00114999999999998
0.6111669	0.00888	0.01314	0.013	0.00946999999999998	0.00402000000000002	-0.02076	-0.01296	-0.01423	-0.0251	0.000809999999999977	0.00256000000000001	0.00199000000000005
0.622249	0.00961000000000001	0.01293	0.01366	0.00805999999999996	0.00423999999999997	-0.02006	-0.00962000000000002	-0.01534	-0.02408	0.00479999999999997	0.00301000000000001	0.000899999999999956
0.633532	0.00974000000000003	0.01274	0.01189	0.00992999999999999	0.00427	-0.01905	-0.01114	-0.01366	-0.02325	0.00192999999999999	0.00225999999999998	0.00251999999999997
0.6450197	0.01053	0.01155	0.01044	0.00829999999999997	0.00429999999999997	-0.01845	-0.0131	-0.01384	-0.0221	0.00357000000000002	0.00363999999999998	0.000319999999999987
0.6567156	0.01124	0.01175	0.01235	0.0081	0.00457999999999997	-0.0196	-0.01157	-0.01455	-0.02384	0.00457000000000002	0.00507000000000002	0.000369999999999981
0.6686236	0.01066	0.01311	0.01265	0.00852999999999998	0.00345999999999996	-0.02012	-0.00972000000000001	-0.0154	-0.02249	0.00307000000000002	0.00573000000000001	0.00175000000000003
0.6807475	0.00964999999999999	0.01325	0.01201	0.00835999999999998	0.00396999999999997	-0.0173	-0.01355	-0.0147	-0.0230399999999999	0.00522	0.00422	0.00147999999999998
0.6930913	0.01077	0.01224	0.01143	0.00903999999999999	0.00421999999999995	-0.02048	-0.01437	-0.01439	-0.02451	0.00603000000000004	0.00544	0.00194
0.7056589	0.01016	0.0142	0.01302	0.01035	0.00486999999999999	-0.01801	-0.0132	-0.01379	-0.02457	0.00564999999999999	0.00595000000000001	0.00178
0.7184543	0.01085	0.01245	0.01203	0.00824999999999998	0.00512999999999997	-0.01902	-0.01165	-0.01254	-0.02549	0.00418000000000002	0.00518000000000002	0.00269000000000003
0.7314818	0.01108	0.01334	0.0119	0.00892999999999999	0.00419000000000003	-0.01922	-0.0123	-0.0138	-0.02379	0.00497000000000003	0.00513000000000002	0.000870000000000037
0.7447455	0.01034	0.01307	0.01166	0.01001	0.00392999999999999	-0.01655	-0.01116	-0.01291	-0.02189	0.00575999999999999	0.00329000000000002	0.00322
0.7582497	0.0115	0.01268	0.01245	0.00992999999999999	0.00446999999999997	-0.01662	-0.0135	-0.01223	-0.02205	0.00434000000000001	0.00628000000000001	0.00244
0.7719988	0.01128	0.01153	0.0141	0.00973000000000002	0.00561	-0.01746	-0.01081	-0.01228	-0.02295	0.00557000000000002	0.00457000000000002	0.00137999999999999
0.7859972	0.01306	0.01194	0.01045	0.00940999999999997	0.00466	-0.01855	-0.00979999999999998	-0.01279	-0.02146	0.00519999999999998	0.00466	0.00219000000000003
0.8002494	0.01106	0.01239	0.01064	0.01037	0.00412999999999997	-0.0153	-0.01029	-0.01129	-0.02205	0.00455	0.00489999999999996	0.00364999999999999
0.8147601	0.01275	0.01038	0.01079	0.00947999999999999	0.00568999999999997	-0.01624	-0.00905	-0.0107	-0.01979	0.00606000000000001	0.00552999999999998	0.00253000000000003
0.8295339	0.0125	0.01023	0.00982	0.00973999999999997	0.00614999999999999	-0.00808000000000003	-0.00905	-0.01331	-0.01996	0.00718999999999997	0.00666	0.00328000000000001
0.8445755	0.01267	0.01127	0.00747999999999999	0.00997999999999999	0.00512000000000001	-0.00971	-0.00967999999999997	-0.0114	-0.01935	0.00872000000000001	0.00586000000000003	0.00272
0.8598899	0.01276	0.0113	0.00895000000000001	0.00856000000000001	0.00514999999999999	-0.01607	-0.00971	-0.0117	-0.02024	0.00574999999999998	0.00661	0.00253999999999999
0.875482	0.01319	0.01193	0.00744	0.00844	0.00416000000000005	-0.01727	-0.00845999999999997	-0.00983000000000001	-0.01975	0.00653000000000004	0.00652999999999998	0.00339
0.8913568	0.01433	0.01182	0.00890000000000002	0.00778000000000001	0.00617999999999996	-0.0158	-0.00846000000000002	-0.01107	-0.01841	0.00729999999999997	0.00845000000000001	0.00361
0.9075195	0.01271	0.01209	0.01029	0.00883999999999996	0.00603999999999999	-0.01683	-0.00821	-0.00864999999999999	-0.01915	0.00744999999999996	0.00702000000000003	0.00306000000000001
0.9239752	0.01499	0.01246	0.01065	0.00831999999999999	0.00689999999999996	-0.01614	-0.00829999999999997	-0.00939999999999996	-0.01814	0.00779999999999997	0.00703000000000004	0.00495000000000001
0.9407294	0.01374	0.01195	0.00964999999999999	0.00775999999999999	0.00618000000000002	-0.01456	-0.00636999999999999	-0.00923000000000002	-0.01696	0.00898000000000004	0.00728999999999996	0.00341000000000002
0.9577873	0.01127	0.01124	0.00990999999999997	0.01008	0.00617999999999996	-0.01491	-0.00640999999999997	-0.00749	-0.0168	0.00924000000000003	0.00789000000000001	0.00477
0.9751545	0.01121	0.01212	0.01044	0.01061	0.00737000000000004	-0.01415	-0.00480999999999998	-0.00906000000000001	-0.01487	0.00868999999999998	0.00946000000000002	0.00416
0.9928367	0.01298	0.01192	0.01084	0.01155	0.00749	-0.01223	-0.00417999999999996	-0.00900000000000001	-0.01534	0.00939000000000001	0.00869999999999999	0.00530000000000003
1.010839	0.01313	0.01655	0.01678	0.01485	0.00871	-0.01045	-0.00168999999999997	-0.00579000000000002	-0.01358	0.01348	0.01211	0.00792999999999999
1.029169	0.01199	0.01695	0.01602	0.01376	0.01177	-0.01017	-0.00111	-0.00331999999999999	-0.01411	0.01463	0.0122	0.00823000000000002
1.04783	0.01164	0.01767	0.01439	0.01762	0.01211	-0.01096	-0.000439999999999996	-0.00115999999999999	-0.01091	0.01493	0.01451	0.00842000000000004
1.06683	0.01347	0.0168	0.01876	0.01593	0.01262	-0.00801000000000002	0.00240000000000001	-0.00214999999999999	-0.01082	0.01679	0.01317	0.00964999999999999
1.086175	0.01032	0.01647	0.01879	0.01374	0.01485	-0.00944999999999996	-0.000199999999999978	0.000529999999999975	-0.01023	0.01564	0.0145	0.00965000000000005
1.10587	0.01176	0.01363	0.01664	0.01728	0.01558	-0.00730999999999998	0.00186999999999998	0.000840000000000007	-0.0111	0.02	0.01916	0.01079
1.125922	0.01253	0.01541	0.01652	0.01676	0.01766	-0.00674999999999998	0.00385999999999997	0.00218000000000002	-0.00912000000000002	0.02214	0.01793	0.01163
1.146338	0.00935999999999998	0.01175	0.01451	0.01743	0.01935	-0.00514000000000003	0.00438	0.00564999999999999	-0.00698000000000004	0.02065	0.01721	0.01199
1.167124	0.01018	0.01307	0.01505	0.01804	0.01734	-0.00508999999999998	0.00502000000000002	0.00458999999999998	-0.01004	0.02344	0.0201	0.01442
1.188287	0.01039	0.01365	0.01631	0.01767	0.01714	-0.00315000000000004	0.00648000000000004	0.00395999999999996	-0.00906000000000001	0.02436	0.01993	0.0148799999999999
1.209834	0.01306	0.0152	0.01575	0.01649	0.01863	-0.00164999999999998	0.00996999999999998	0.00595000000000001	-0.00944	0.02276	0.01948	0.0155
1.231772	0.00952999999999998	0.01865	0.01722	0.0213	0.02157	-0.00379999999999997	0.01114	0.00868000000000002	-0.00747999999999999	0.02339	0.02224	0.01463
1.254107	0.00996999999999998	0.01814	0.01951	0.02069	0.023	0.000180000000000013	0.00953999999999999	0.00653000000000004	-0.00531999999999999	0.02383	0.02264	0.01507
1.276847	0.00869999999999999	0.01712	0.02052	0.02374	0.02177	0.00148000000000004	0.01322	0.01017	-0.00438	0.02417	0.01961	0.0151
1.3	0.00872999999999996	0.0166	0.02118	0.02323	0.02375	0.00309999999999999	0.01157	0.01061	-0.00123000000000001	0.02674	0.02054	0.0163
