Inj	tm40	tm30	tm20	tm10	t0	t10	t20	t30	t40	t50	t60	t70
0.001	0.00457	0.00126	0.00249	0.00125	0.01209	0.02562	0.03984	0.03062	0.03797	0.01221	0.02648	0.01251
0.001018133	0.00546	0.0018	0.000991	0.00524	0.01164	0.02838	0.03883	0.02866	0.04013	0.01024	0.02813	0.01225
0.001036594	0.00455	0.00267	0.00239	0.00511	0.01331	0.02991	0.03944	0.0297	0.03736	0.01184	0.02834	0.01533
0.00105539	0.00584	0.00388	0.00332	0.00921	0.01415	0.03058	0.04116	0.03203	0.03858	0.01427	0.0296	0.01484
0.001074527	0.00761	0.00397	0.00405	0.00759	0.01362	0.02835	0.04164	0.03492	0.03865	0.01521	0.02918	0.01546
0.001094011	0.00658	0.00584	0.00596	0.01004	0.01231	0.027	0.04306	0.03159	0.04057	0.01392	0.03014	0.01408
0.001113849	0.00614	0.0027	0.00447	0.00984	0.01329	0.02785	0.03419	0.03245	0.04175	0.01524	0.0303	0.0154
0.001134046	0.00431	0.00286	0.00515	0.00506	0.01266	0.02688	0.03423	0.03236	0.03976	0.01472	0.02937	0.0149
0.001154609	0.0111	0.00646	0.00441	0.00979	0.0133	0.02898	0.03506	0.03198	0.03908	0.01536	0.02882	0.01533
0.001175545	0.00731	0.00422	0.01023	0.01045	0.0142	0.03039	0.034	0.03331	0.04161	0.01498	0.02995	0.01649
0.001196861	0.00848	0.00544	0.00773	0.01156	0.01685	0.0301	0.03615	0.03393	0.04114	0.01519	0.03081	0.01726
0.001218563	0.00909	0.00558	0.0074	0.01044	0.01512	0.02922	0.03516	0.03456	0.041	0.01546	0.0309	0.01681
0.001240659	0.0089	0.00456	0.00554	0.00993	0.01614	0.03015	0.03609	0.03367	0.04346	0.01446	0.03028	0.01501
0.001263155	0.00851	0.00698	0.00853	0.01002	0.01726	0.03113	0.03624	0.03755	0.04446	0.0161	0.03339	0.01912
0.00128606	0.01084	0.00693	0.00803	0.01175	0.01648	0.03111	0.0377	0.03634	0.04391	0.01586	0.03291	0.01795
0.00130938	0.01139	0.0047	0.00908	0.01137	0.01693	0.03099	0.03587	0.03699	0.04206	0.01812	0.03179	0.01647
0.001333122	0.01072	0.00617	0.00873	0.01288	0.01611	0.0317	0.03544	0.03693	0.04287	0.0164	0.03492	0.01828
0.001357295	0.01168	0.00846	0.0078	0.01323	0.02006	0.03219	0.03603	0.03622	0.04375	0.02097	0.0341	0.01785
0.001381906	0.01166	0.00808	0.00934	0.01262	0.01583	0.03382	0.03594	0.03855	0.04193	0.01774	0.03499	0.01733
0.001406964	0.0114	0.00848	0.00992	0.01229	0.01679	0.03218	0.03786	0.03508	0.04373	0.0168	0.03087	0.01813
0.001432476	0.01148	0.00825	0.00881	0.01364	0.01888	0.03358	0.0358	0.03704	0.04385	0.01911	0.03573	0.01631
0.001458451	0.0131	0.01002	0.01073	0.015	0.02112	0.03493	0.03886	0.03784	0.04531	0.01812	0.03494	0.01788
0.001484896	0.01362	0.01199	0.01062	0.01557	0.01988	0.03182	0.03822	0.03748	0.04295	0.01908	0.03418	0.01812
0.001511821	0.01312	0.00862	0.01091	0.01337	0.02073	0.03579	0.0372	0.03703	0.04377	0.01903	0.03375	0.01887
0.001539235	0.01168	0.00889	0.01164	0.01577	0.02059	0.03276	0.03695	0.03636	0.04464	0.01864	0.0331	0.0189
0.001567145	0.0145	0.01172	0.01353	0.01514	0.0216	0.03364	0.04079	0.03712	0.04582	0.01675	0.03552	0.02144
0.001595562	0.01468	0.01237	0.01505	0.01518	0.02061	0.0349	0.03948	0.03778	0.04608	0.01943	0.03622	0.02047
0.001624493	0.01498	0.01296	0.01114	0.01701	0.02026	0.03541	0.03966	0.03758	0.04627	0.02014	0.03476	0.02086
0.00165395	0.01641	0.01349	0.01627	0.01515	0.0232	0.03744	0.04086	0.04219	0.04557	0.02204	0.03988	0.022
0.00168394	0.01775	0.01315	0.01629	0.01714	0.02355	0.03759	0.04142	0.03971	0.04806	0.02091	0.03863	0.0212
0.001714475	0.01548	0.01225	0.01437	0.01899	0.02441	0.03549	0.03925	0.04108	0.0463	0.01779	0.0376	0.02353
0.001745563	0.01579	0.01464	0.01509	0.01886	0.0224	0.03603	0.03911	0.0397	0.04412	0.02058	0.03777	0.0201
0.001777214	0.01678	0.01417	0.01739	0.01982	0.02279	0.03739	0.04055	0.03972	0.04881	0.02204	0.03705	0.02341
0.00180944	0.01567	0.01367	0.01548	0.00259	0.02357	0.03868	0.04149	0.04264	0.04877	0.02158	0.03799	0.02347
0.00184225	0.01465	0.01422	0.01586	0.01897	0.02382	0.03889	0.04064	0.04004	0.0464	0.02205	0.03895	0.02284
0.001875655	0.01667	0.0173	0.02011	0.02206	0.02502	0.03968	0.04185	0.04041	0.04999	0.02396	0.03827	0.02448
0.001909665	0.01771	0.01548	0.01712	0.02061	0.02709	0.03906	0.04184	0.04085	0.04927	0.02216	0.0386	0.02316
0.001944293	0.01793	0.01654	0.01798	0.01967	0.02466	0.03824	0.04202	0.04224	0.04857	0.02361	0.04021	0.02372
0.001979548	0.01701	0.01915	0.01793	0.02132	0.02726	0.04164	0.04305	0.04201	0.0508	0.02379	0.04083	0.02435
0.002015442	0.02015	0.01902	0.01827	0.02348	0.02661	0.04015	0.04411	0.04307	0.05009	0.02312	0.03956	0.02517
0.002051988	0.02256	0.02172	0.02142	0.0217	0.02771	0.04123	0.04537	0.04274	0.05169	0.02684	0.04363	0.0271
0.002089196	0.0207	0.01916	0.02121	0.02321	0.02888	0.04191	0.04587	0.04438	0.05114	0.02568	0.04207	0.02431
0.002127078	0.0219	0.02131	0.02218	0.02275	0.02795	0.04152	0.04648	0.04402	0.05194	0.02454	0.04309	0.02622
0.002165648	0.02114	0.02253	0.01671	0.02472	0.02901	0.0432	0.04796	0.03979	0.05202	0.02688	0.04347	0.02735
0.002204917	0.0241	0.02083	0.02122	0.02629	0.02907	0.04227	0.05038	0.04522	0.05178	0.02663	0.04281	0.02756
0.002244898	0.02138	0.0221	0.02164	0.02544	0.03147	0.04108	0.04706	0.04513	0.05088	0.02802	0.04319	0.0259
0.002285604	0.02476	0.0211	0.02592	0.00966	0.0323	0.04322	0.04963	0.04787	0.05519	0.02728	0.04342	0.0303
0.002327048	0.02203	0.02273	0.02442	0.0265	0.03079	0.04407	0.04632	0.04566	0.05628	0.02661	0.04477	0.02795
0.002369244	0.02761	0.024	-0.00555	0.02787	0.03172	0.04583	0.04933	0.04755	0.05248	0.02862	0.04499	0.02791
0.002412204	0.0256	0.02322	0.02637	0.02913	0.03323	0.04488	0.04902	0.04791	0.053	0.02799	0.04622	0.02997
0.002455944	0.02938	0.0256	0.0276	0.02973	0.03423	0.0471	0.0508	0.0487	0.0552	0.03101	0.04486	0.03
0.002500477	0.0264	0.02536	0.02739	0.02882	0.03317	0.04656	0.04872	0.04879	0.05462	0.03207	0.04631	0.03016
0.002545817	0.02677	0.02468	0.02667	0.03058	0.03439	0.04474	0.04872	0.04729	0.05433	0.0309	0.04464	0.0306
0.00259198	0.02878	0.0282	0.02842	0.03216	0.0358	0.04862	0.05144	0.04961	0.05635	0.03174	0.04603	0.03171
0.002638979	0.02919	0.02902	0.03007	0.03046	0.03495	0.04802	0.0511	0.04904	0.05751	0.03335	0.04692	0.03095
0.002686831	0.02734	0.02826	0.03169	0.03228	0.03692	0.04852	0.0507	0.05196	0.05796	0.03215	0.04556	0.03366
0.00273555	0.02811	0.03012	0.02956	0.01532	0.03715	0.04785	0.05297	0.05089	0.05731	0.03334	0.04719	0.03245
0.002785153	0.03065	0.03185	0.03215	0.03389	0.03947	0.04976	0.05452	0.05304	0.05724	0.03432	0.04789	0.0326
0.002835655	0.03172	0.03175	0.03233	0.03556	0.04034	0.05167	0.05422	0.05169	0.05695	0.03443	0.04918	0.03405
0.002887073	0.03383	0.03313	0.03444	0.03653	0.03224	0.05058	0.05551	0.0531	0.06083	0.03391	0.05184	0.03336
0.002939423	0.03167	0.03184	0.03367	0.03614	0.03822	0.05004	0.05341	0.05351	0.05903	0.03604	0.04915	0.03395
0.002992723	0.03307	0.03481	0.03491	0.03741	0.04273	0.05307	0.05671	0.05319	0.0611	0.03406	0.05246	0.03541
0.003046989	0.03624	0.03361	0.03539	0.03721	0.04038	0.05246	0.05459	0.05346	0.05954	0.03754	0.05006	0.03742
0.003102239	0.03716	0.03571	0.03541	0.03733	0.04153	0.05266	0.05683	0.05518	0.06249	0.03528	0.05151	0.03568
0.003158491	0.03787	0.03493	0.03815	0.04032	0.04264	0.05587	0.05906	0.05547	0.06503	0.03807	0.05242	0.03661
0.003215763	0.0392	0.03599	0.0395	0.03912	0.04413	0.05484	0.05751	0.05665	0.06336	0.03699	0.05273	0.03768
0.003274073	0.03933	0.03637	0.04114	0.03768	0.04296	0.05691	0.06018	0.05777	0.06289	0.03967	0.05212	0.04065
0.003333441	0.03912	0.03526	0.03919	0.03945	0.04691	0.05621	0.06148	0.05765	0.06321	0.04024	0.05288	0.03806
0.003393885	0.0396	0.0387	0.04204	0.04169	0.04414	0.05877	0.06187	0.05839	0.06569	0.04079	0.05357	0.03902
0.003455425	0.0415	0.03948	0.04235	0.04373	0.04679	0.05886	0.06482	0.05998	0.06377	0.04284	0.05809	0.04205
0.003518081	0.04235	0.04041	0.04182	0.04435	0.04837	0.06052	0.0637	0.05846	0.06555	0.04146	0.05575	0.04036
0.003581873	0.04322	0.04284	0.04248	0.04594	0.04906	0.06021	0.06632	0.06022	0.06834	0.04352	0.05673	0.0419
0.003646822	0.04285	0.04043	0.04345	0.04447	0.04872	0.06089	0.0651	0.06002	0.06608	0.04275	0.055	0.04158
0.003712949	0.04663	0.04111	0.04465	0.04644	0.05052	0.0621	0.06562	0.06352	0.06782	0.0439	0.05605	0.04317
0.003780274	0.04601	0.04278	0.04658	0.03331	0.05	0.06319	0.06798	0.06253	0.06858	0.04432	0.05727	0.0431
0.003848821	0.04686	0.04542	0.04613	0.04796	0.05141	0.06355	0.0664	0.06321	0.06659	0.04464	0.05566	0.04352
0.00391861	0.0496	0.04386	0.04737	0.04965	0.05074	0.06426	0.06785	0.06462	0.0692	0.04685	0.05719	0.04362
0.003989665	0.04889	0.04688	0.04759	0.05088	0.05269	0.0651	0.06873	0.06563	0.07137	0.0491	0.05871	0.04402
0.004062008	0.04977	0.04718	0.04987	0.04963	0.05445	0.06626	0.06936	0.06631	0.07201	0.04856	0.06074	0.04884
0.004135663	0.05161	0.04797	0.05204	0.05151	0.05577	0.06724	0.06932	0.0689	0.07192	0.0494	0.05926	0.04593
0.004210654	0.05237	0.0492	0.05164	0.05203	0.05689	0.06707	0.06974	0.06799	0.07314	0.05031	0.06371	0.04658
0.004287004	0.05175	0.04791	0.05254	0.05379	0.05665	0.06867	0.07248	0.06752	0.0722	0.0492	0.06432	0.04777
0.004364739	0.05353	0.05214	0.05235	0.05684	0.05833	0.07088	0.07365	0.06928	0.07578	0.05133	0.06409	0.04853
0.004443883	0.05343	0.05308	0.05438	0.05535	0.0587	0.07126	0.07388	0.0702	0.07371	0.0506	0.06461	0.04723
0.004524463	0.05817	0.05492	0.05426	0.05635	0.05975	0.06988	0.07603	0.06836	0.07476	0.05215	0.06488	0.04902
0.004606503	0.05718	0.05592	0.05772	0.05956	0.06144	0.07272	0.07668	0.07008	0.07639	0.05264	0.06689	0.05134
0.004690032	0.05907	0.05726	0.05688	0.06033	0.06191	0.07199	0.07792	0.07141	0.07758	0.05282	0.06765	0.05128
0.004775074	0.06014	0.05752	0.059	0.06152	0.06482	0.07405	0.07812	0.07281	0.0797	0.05534	0.06791	0.05149
0.004861659	0.06075	0.05976	0.06107	0.06052	0.06523	0.07569	0.0806	0.0748	0.08013	0.05751	0.07024	0.05271
0.004949814	0.0623	0.05897	0.05945	0.0435	0.06567	0.0768	0.07856	0.07474	0.08088	0.05678	0.06879	0.05394
0.005039567	0.06285	0.0604	0.06066	0.06369	0.06716	0.07781	0.0802	0.07549	0.0808	0.05701	0.06938	0.05466
0.005130948	0.06327	0.06132	0.06466	0.06593	0.06732	0.07961	0.0819	0.07745	0.08095	0.05592	0.06882	0.05465
0.005223986	0.06365	0.06428	0.0639	0.06817	0.06934	0.07974	0.08101	0.07818	0.08386	0.05837	0.07138	0.05612
0.00531871	0.06519	0.06441	0.06866	0.06867	0.07055	0.08023	0.08376	0.07719	0.08304	0.05946	0.06936	0.05669
0.005415153	0.06921	0.06615	0.06963	0.06811	0.07082	0.08221	0.08417	0.08076	0.08361	0.06128	0.07034	0.05772
0.005513344	0.0678	0.06635	0.06968	0.06891	0.06751	0.08182	0.08537	0.0839	0.08562	0.06115	0.07085	0.05714
0.005613316	0.0689	0.06926	0.06907	0.07087	0.07428	0.08428	0.0865	0.08225	0.08501	0.06153	0.07207	0.05793
0.0057151	0.07	0.07028	0.07166	0.0721	0.07432	0.08591	0.08742	0.08555	0.08726	0.06275	0.07178	0.05785
0.00581873	0.07325	0.073	0.07472	0.0674	0.07464	0.08552	0.08714	0.08407	0.08768	0.06347	0.07311	0.06076
0.005924239	0.07383	0.07354	0.07355	0.07637	0.07789	0.08772	0.08843	0.08721	0.09044	0.06546	0.07385	0.06023
0.006031661	0.07614	0.0734	0.07541	0.0749	0.07723	0.08779	0.09106	0.08628	0.08942	0.06705	0.07642	0.06369
0.006141031	0.07519	0.07591	0.07748	0.07797	0.07231	0.08629	0.09182	0.08869	0.09004	0.06691	0.07712	0.06228
0.006252384	0.07782	0.07738	0.07753	0.08	0.08201	0.08993	0.09344	0.09076	0.09167	0.06836	0.07893	0.06632
0.006365757	0.08152	0.0799	0.08075	0.08211	0.08425	0.09143	0.09492	0.09073	0.09431	0.07053	0.07821	0.06317
0.006481185	0.0814	0.08006	0.08087	0.08235	0.08438	0.09408	0.09608	0.09241	0.09281	0.0695	0.07962	0.06642
0.006598706	0.08299	0.08098	0.08297	0.08424	0.08539	0.09657	0.09685	0.09292	0.096	0.07226	0.08048	0.06651
0.006718358	0.08583	0.08339	0.08334	0.08559	0.08716	0.09517	0.09822	0.09515	0.09794	0.07166	0.07968	0.06753
0.00684018	0.08556	0.08462	0.08508	0.08649	0.08847	0.09594	0.09896	0.09525	0.0985	0.07332	0.08147	0.06714
0.00696421	0.09008	0.08769	0.08892	0.0884	0.09017	0.1006	0.09971	0.09755	0.10024	0.0745	0.08128	0.06846
0.00709049	0.09267	0.08799	0.08874	0.09147	0.09258	0.10005	0.10057	0.09888	0.10182	0.07503	0.08313	0.07024
0.00721906	0.09351	0.08867	0.08898	0.092	0.09356	0.09962	0.10294	0.10064	0.10044	0.07609	0.08149	0.07062
0.00734996	0.09572	0.08925	0.09413	0.09453	0.09388	0.10209	0.1031	0.10186	0.10228	0.07901	0.0826	0.07235
0.007483235	0.09798	0.09472	0.09419	0.09492	0.09653	0.10456	0.10389	0.102	0.10482	0.07939	0.08431	0.07245
0.007618926	0.09957	0.09704	0.09496	0.09526	0.09636	0.10571	0.10442	0.10163	0.10278	0.07931	0.08708	0.07389
0.007757077	0.10213	0.095	0.08365	0.0983	0.09873	0.10608	0.10691	0.10531	0.10314	0.08218	0.08726	0.07552
0.007897733	0.10456	0.09829	0.09888	0.09984	0.10017	0.10844	0.10817	0.10488	0.10608	0.08272	0.08755	0.07537
0.00804094	0.10414	0.10152	0.10038	0.12554	0.10277	0.10818	0.10963	0.10775	0.1055	0.08212	0.08908	0.07598
0.008186744	0.10783	0.10283	0.10292	0.10277	0.07361	0.11042	0.11111	0.10832	0.10693	0.08514	0.09327	0.07886
0.008335191	0.10966	0.10392	0.10583	0.10376	0.10569	0.11244	0.11253	0.10919	0.10808	0.08463	0.09488	0.07809
0.008486331	0.11266	0.1073	0.10734	0.10689	0.10765	0.11325	0.1147	0.10912	0.10971	0.08768	0.09679	0.08134
0.00864021	0.112	0.10719	0.10853	0.10784	0.10844	0.11532	0.11296	0.11005	0.11033	0.08919	0.09619	0.08032
0.00879688	0.1178	0.11127	0.11122	0.11192	0.10934	0.11636	0.11523	0.1121	0.1096	0.08917	0.09604	0.08221
0.008956391	0.12126	0.11469	0.11419	0.11283	0.11301	0.11786	0.11709	0.11252	0.11258	0.09178	0.09722	0.0821
0.009118794	0.11863	0.11688	0.11444	0.114	0.11209	0.11938	0.11878	0.11515	0.11326	0.09275	0.09931	0.08429
0.009284142	0.12184	0.11654	0.11698	0.11562	0.11455	0.11975	0.11881	0.11695	0.11394	0.09239	0.10068	0.08601
0.009452489	0.12646	0.12049	0.11667	0.12045	0.11736	0.12195	0.12132	0.11778	0.11685	0.09647	0.10191	0.08731
0.009623887	0.13069	0.12271	0.12204	0.11979	0.12059	0.12123	0.12228	0.11774	0.11654	0.09804	0.1023	0.08863
0.009798394	0.13172	0.12347	0.12204	0.12181	0.12036	0.12386	0.12237	0.11966	0.11732	0.0981	0.10291	0.08954
0.009976065	0.13331	0.12573	0.12559	0.12432	0.12218	0.12463	0.12528	0.1201	0.11958	0.10098	0.10358	0.09038
0.01015696	0.13634	0.12866	0.12842	0.1251	0.12497	0.12855	0.12735	0.12291	0.12182	0.09922	0.10487	0.0899
0.01034113	0.13845	0.13012	0.12896	0.12668	0.12623	0.12884	0.12785	0.12133	0.11993	0.09902	0.10533	0.09189
0.01052864	0.14063	0.13236	0.12979	0.1292	0.12713	0.12995	0.12823	0.12544	0.12166	0.10348	0.10599	0.09441
0.01071955	0.14254	0.13598	0.13336	0.13059	0.12963	0.13213	0.1301	0.12497	0.122	0.10201	0.10564	0.09341
0.01091393	0.14542	0.13739	0.13411	0.13207	0.1293	0.13439	0.13142	0.12639	0.12482	0.10468	0.10372	0.09474
0.01111183	0.14783	0.1378	0.12651	0.13282	0.13102	0.13373	0.13313	0.12818	0.12526	0.10466	0.10597	0.09538
0.01131331	0.1502	0.14145	0.13893	0.14038	0.13403	0.13577	0.13341	0.13023	0.12531	0.10818	0.10573	0.09714
0.01151845	0.15336	0.14284	0.14087	0.13871	0.13599	0.13634	0.13393	0.1306	0.12776	0.1078	0.10738	0.09749
0.01172732	0.15504	0.14613	0.14382	0.14086	0.13732	0.13862	0.13479	0.13169	0.12728	0.10912	0.1083	0.09969
0.01193996	0.15566	0.14491	0.12148	0.14224	0.14012	0.13866	0.13519	0.1332	0.12733	0.11038	0.10975	0.10146
0.01215647	0.15806	0.15111	0.14759	0.14199	0.14111	0.14207	0.13723	0.13394	0.12913	0.1143	0.11303	0.10251
0.01237689	0.15965	0.15239	0.14795	0.14474	0.14275	0.1432	0.13882	0.13686	0.13187	0.11453	0.11406	0.1025
0.01260132	0.16174	0.15391	0.15009	0.14717	0.14287	0.14558	0.14041	0.13554	0.1325	0.11444	0.11467	0.10438
0.01282982	0.16461	0.15669	0.15207	0.15095	0.14397	0.14557	0.14153	0.13828	0.13501	0.11746	0.11747	0.10429
0.01306246	0.1647	0.15949	0.15494	0.15236	0.15342	0.14696	0.14424	0.13848	0.13538	0.11727	0.11823	0.10656
0.01329931	0.16717	0.16188	0.15705	0.15258	0.14809	0.14749	0.14364	0.13989	0.1349	0.12017	0.1192	0.10836
0.01354046	0.16886	0.16297	0.15815	0.15339	0.14975	0.14698	0.14515	0.14363	0.13641	0.11913	0.1207	0.1076
0.01378599	0.17031	0.16484	0.16018	0.15683	0.15276	0.15036	0.14657	0.14154	0.13746	0.12044	0.11993	0.10845
0.01403597	0.17161	0.16466	0.16234	0.15678	0.15157	0.15053	0.14563	0.14362	0.13971	0.12241	0.12176	0.11081
0.01429047	0.17456	0.16622	0.16541	0.15899	0.15481	0.15272	0.14828	0.14382	0.13895	0.12349	0.12433	0.11184
0.0145496	0.17517	0.16973	0.16507	0.16027	0.15623	0.15329	0.15158	0.14629	0.14054	0.12372	0.12407	0.11235
0.01481342	0.17713	0.17146	0.16701	0.16204	0.15707	0.15376	0.14987	0.14596	0.14191	0.12484	0.12589	0.11345
0.01508203	0.17961	0.17173	0.16466	0.16363	0.15821	0.15562	0.15246	0.14619	0.14296	0.12701	0.12486	0.11633
0.01535551	0.18043	0.17418	0.16914	0.16452	0.16054	0.15713	0.15347	0.14916	0.14329	0.12641	0.12852	0.11506
0.01563394	0.18117	0.17582	0.17137	0.16657	0.16262	0.15674	0.1541	0.14936	0.14423	0.12961	0.12776	0.11545
0.01591743	0.18373	0.17617	0.1724	0.16895	0.16123	0.15825	0.15553	0.15113	0.14713	0.13019	0.12912	0.11764
0.01620605	0.18559	0.17893	0.17384	0.16833	0.16295	0.1595	0.15624	0.15054	0.14605	0.13055	0.12701	0.11873
0.01649991	0.18595	0.17964	0.17561	0.17103	0.16495	0.16019	0.15715	0.15326	0.14788	0.13342	0.13046	0.12026
0.0167991	0.18533	0.18265	0.17688	0.17236	0.16757	0.16089	0.15832	0.15283	0.14892	0.13435	0.13298	0.11974
0.01710371	0.19115	0.18316	0.17855	0.17138	0.16735	0.16145	0.1587	0.15436	0.14837	0.13661	0.13431	0.12265
0.01741385	0.18806	0.18428	0.17911	0.17275	0.16723	0.16401	0.16118	0.15436	0.14958	0.13712	0.13402	0.12431
0.01772961	0.19183	0.18526	0.1812	0.17479	0.1701	0.16538	0.16255	0.15391	0.15124	0.13791	0.13114	0.12358
0.01805109	0.19171	0.18599	0.18326	0.17543	0.17116	0.16553	0.16118	0.15678	0.15238	0.14013	0.13475	0.12523
0.01837841	0.19304	0.18597	0.18351	0.17753	0.17316	0.16614	0.16478	0.15743	0.15214	0.13994	0.13446	0.1259
0.01871165	0.1971	0.18783	0.1851	0.17667	0.17415	0.16705	0.16448	0.15784	0.15301	0.14039	0.13611	0.12742
0.01905095	0.19734	0.19007	0.18689	0.1796	0.17467	0.1681	0.166	0.15916	0.15377	0.141	0.13681	0.12908
0.01939639	0.19747	0.19262	0.18687	0.18208	0.17403	0.1704	0.16774	0.16059	0.15546	0.14226	0.13787	0.13009
0.0197481	0.19732	0.19368	0.18838	0.18196	0.17653	0.1714	0.16732	0.16024	0.15547	0.14446	0.14012	0.12984
0.02010618	0.20028	0.19357	0.18877	0.18227	0.17761	0.17252	0.16858	0.16257	0.15718	0.14576	0.14023	0.13084
0.02047076	0.20029	0.19487	0.18859	0.18439	0.17734	0.17157	0.16934	0.16322	0.15846	0.14504	0.14121	0.13454
0.02084195	0.20192	0.1961	0.19113	0.18447	0.17877	0.16805	0.16817	0.16475	0.15723	0.14761	0.14296	0.13322
0.02121987	0.20333	0.1977	0.19219	0.18615	0.18061	0.17636	0.17022	0.16516	0.15821	0.14745	0.14399	0.13536
0.02160465	0.20513	0.19955	0.19352	0.18706	0.18023	0.17626	0.17315	0.16564	0.1586	0.14942	0.14289	0.13649
0.0219964	0.20618	0.20039	0.1937	0.18751	0.18279	0.17833	0.17186	0.16721	0.16022	0.14925	0.14577	0.13633
0.02239525	0.2058	0.20089	0.18973	0.18904	0.1833	0.17727	0.17396	0.1676	0.16188	0.14959	0.14703	0.13846
0.02280133	0.20555	0.20203	0.19788	0.19074	0.18389	0.17663	0.17566	0.16798	0.16189	0.15113	0.14722	0.13904
0.02321478	0.20812	0.20223	0.19704	0.19161	0.18504	0.18021	0.17542	0.16899	0.16396	0.15266	0.14768	0.13979
0.02363573	0.21083	0.20412	0.19815	0.1908	0.18543	0.18081	0.17534	0.16869	0.16542	0.15314	0.14929	0.14227
0.02406431	0.21265	0.20452	0.19844	0.1941	0.18579	0.18196	0.17651	0.17039	0.16599	0.15439	0.14936	0.1434
0.02450066	0.21311	0.20551	0.19946	0.195	0.18575	0.18262	0.17732	0.17301	0.16592	0.15607	0.15058	0.14268
0.02494492	0.21391	0.20701	0.20135	0.19348	0.18856	0.18435	0.17853	0.17062	0.16655	0.15626	0.15063	0.14385
0.02539724	0.2159	0.208	0.20202	0.19641	0.19005	0.18467	0.17861	0.17311	0.16679	0.1572	0.1544	0.14283
0.02585776	0.21776	0.20836	0.20351	0.19752	0.19077	0.18486	0.17887	0.17413	0.16838	0.15735	0.15253	0.14696
0.02632663	0.2178	0.21083	0.20364	0.19835	0.1907	0.18819	0.18086	0.17492	0.1682	0.15787	0.15519	0.1475
0.026804	0.21855	0.21228	0.20642	0.19884	0.19293	0.18883	0.18145	0.17501	0.16956	0.15974	0.15461	0.14757
0.02729003	0.21776	0.21537	0.20843	0.19947	0.19387	0.1886	0.18335	0.17636	0.1706	0.16082	0.15631	0.14893
0.02778487	0.22313	0.21403	0.20667	0.20017	0.19488	0.18908	0.18423	0.17734	0.17117	0.16218	0.15774	0.14984
0.02828868	0.22161	0.21216	0.20915	0.20141	0.19557	0.19013	0.18306	0.17735	0.17235	0.16233	0.15851	0.15046
0.02880163	0.22126	0.21414	0.198	0.20371	0.1956	0.19169	0.18535	0.17821	0.17351	0.16446	0.15854	0.15208
0.02932388	0.22281	0.21613	0.20985	0.2024	0.19698	0.19252	0.18707	0.1804	0.17359	0.16383	0.16027	0.15375
0.0298556	0.22381	0.21536	0.21136	0.20424	0.19771	0.19278	0.1865	0.18062	0.17554	0.16548	0.16047	0.15348
0.03039696	0.22642	0.21697	0.21231	0.20504	0.19753	0.19605	0.18698	0.18038	0.17429	0.16575	0.16166	0.15432
0.03094814	0.22706	0.21846	0.21136	0.20666	0.20068	0.19469	0.18846	0.18198	0.17618	0.16674	0.16173	0.15571
0.03150931	0.22621	0.21955	0.21222	0.20922	0.20255	0.19672	0.19007	0.18243	0.17574	0.16744	0.16386	0.15454
0.03208066	0.22634	0.21901	0.21363	0.20695	0.20118	0.19613	0.18936	0.18152	0.17667	0.16698	0.16343	0.15542
0.03266237	0.22862	0.22284	0.21454	0.20969	0.20262	0.19963	0.19199	0.18383	0.17899	0.16904	0.16494	0.15918
0.03325462	0.23012	0.22351	0.2167	0.21067	0.20205	0.19816	0.19103	0.18508	0.17896	0.17053	0.16475	0.15778
0.03385762	0.23069	0.22373	0.21649	0.21281	0.20456	0.20045	0.19321	0.18636	0.18004	0.17304	0.16617	0.15897
0.03447155	0.23355	0.2256	0.21853	0.21214	0.20656	0.19993	0.19374	0.1886	0.18056	0.17262	0.16661	0.15996
0.03509661	0.23193	0.22404	0.21988	0.21235	0.20671	0.19989	0.19503	0.18646	0.18205	0.17329	0.16869	0.15999
0.035733	0.23277	0.22738	0.22048	0.21212	0.208	0.20315	0.19506	0.1864	0.18298	0.17295	0.17047	0.16211
0.03638094	0.23481	0.22812	0.22118	0.21491	0.20829	0.20311	0.19596	0.18967	0.18259	0.17386	0.17035	0.16223
0.03704062	0.23474	0.22947	0.22178	0.21488	0.20951	0.20351	0.19759	0.18952	0.18404	0.17487	0.17257	0.16402
0.03771226	0.23515	0.22855	0.22321	0.21793	0.21011	0.20477	0.19806	0.18923	0.18431	0.17518	0.17439	0.16496
0.03839609	0.23699	0.22881	0.21503	0.21649	0.20891	0.2057	0.19883	0.19009	0.18559	0.17604	0.17373	0.16565
0.03909231	0.23941	0.23065	0.22394	0.2173	0.21098	0.20626	0.20031	0.19233	0.18547	0.17758	0.17336	0.16482
0.03980116	0.23886	0.23086	0.22552	0.21715	0.21308	0.20751	0.20261	0.19236	0.18658	0.17813	0.17469	0.16825
0.04052286	0.23949	0.23208	0.22761	0.219	0.2129	0.20843	0.20256	0.19387	0.18833	0.17705	0.17465	0.16623
0.04125765	0.23936	0.23193	0.22797	0.22044	0.21287	0.20962	0.20088	0.19495	0.18985	0.17977	0.17684	0.1698
0.04200576	0.24321	0.23445	0.22888	0.22215	0.21551	0.20907	0.20425	0.19657	0.18882	0.18068	0.17721	0.1701
0.04276743	0.24195	0.23428	0.22819	0.22069	0.21664	0.20945	0.20417	0.19565	0.18992	0.17974	0.17845	0.16972
0.04354292	0.24205	0.23673	0.23068	0.22322	0.21717	0.21123	0.20614	0.19874	0.19191	0.18294	0.17771	0.17095
0.04433247	0.24368	0.2376	0.23244	0.22538	0.21693	0.213	0.20469	0.19794	0.19079	0.18154	0.18025	0.17165
0.04513634	0.24519	0.23825	0.23021	0.22476	0.21776	0.21176	0.20743	0.19884	0.19207	0.18498	0.18068	0.17236
0.04595478	0.24636	0.2391	0.23241	0.22731	0.21953	0.21515	0.20812	0.2005	0.19391	0.18659	0.18127	0.17354
0.04678806	0.24599	0.23871	0.23358	0.22847	0.22172	0.21675	0.20852	0.19887	0.19491	0.18649	0.18056	0.17465
0.04763645	0.24553	0.24029	0.23578	0.22718	0.2202	0.2155	0.20996	0.20036	0.19557	0.18714	0.18386	0.17583
0.04850023	0.24598	0.24212	0.23547	0.22793	0.22302	0.2172	0.20873	0.20191	0.19607	0.18741	0.18454	0.17713
0.04937966	0.24951	0.24251	0.23811	0.23184	0.22299	0.21749	0.21027	0.20291	0.19716	0.18787	0.18578	0.17676
0.05027505	0.24881	0.2441	0.23713	0.22786	0.2234	0.2168	0.21188	0.20351	0.19728	0.19064	0.18564	0.17828
0.05118667	0.25004	0.24478	0.23942	0.23302	0.22288	0.21749	0.21167	0.20351	0.19925	0.18969	0.18552	0.1757
0.05211482	0.25004	0.24212	0.23832	0.23112	0.2243	0.21899	0.21482	0.20806	0.20006	0.19016	0.18621	0.17845
0.0530598	0.25376	0.24679	0.22415	0.2338	0.22427	0.22166	0.21463	0.20638	0.19956	0.19357	0.18731	0.18089
0.05402192	0.25156	0.24828	0.24228	0.23506	0.22764	0.21955	0.21484	0.20978	0.20162	0.19354	0.19052	0.1818
0.05500148	0.25493	0.24575	0.24245	0.23484	0.22766	0.22183	0.21503	0.20914	0.20109	0.19366	0.18909	0.18283
0.0559988	0.2551	0.2467	0.24248	0.23543	0.22894	0.22164	0.21499	0.20842	0.20314	0.19354	0.19142	0.18344
0.05701421	0.25454	0.24571	0.24459	0.23624	0.22939	0.22325	0.21826	0.21099	0.20334	0.19435	0.19041	0.18475
0.05804803	0.25677	0.24806	0.24629	0.23711	0.23056	0.22483	0.21811	0.2124	0.20592	0.19608	0.19078	0.18665
0.05910059	0.25868	0.25058	0.24444	0.23816	0.23216	0.22495	0.22172	0.2116	0.20262	0.19773	0.19351	0.18509
0.06017224	0.25972	0.2528	0.24497	0.23952	0.2319	0.22626	0.21875	0.21339	0.20426	0.1969	0.19366	0.18575
0.06126333	0.25833	0.25404	0.24986	0.23961	0.21462	0.22991	0.22194	0.21452	0.20764	0.19932	0.19519	0.18902
0.06237419	0.26017	0.25382	0.2499	0.24408	0.23571	0.22897	0.22435	0.21515	0.21006	0.19942	0.19621	0.1893
0.0635052	0.26235	0.25472	0.24949	0.24173	0.23576	0.2295	0.22218	0.21426	0.2073	0.20048	0.19755	0.18975
0.06465672	0.2631	0.25181	0.25252	0.2429	0.23712	0.23083	0.22418	0.21568	0.21034	0.20003	0.19822	0.19114
0.06582912	0.2649	0.255	0.25287	0.24521	0.2377	0.23162	0.2256	0.21616	0.21154	0.20364	0.19734	0.19192
0.06702278	0.26397	0.25886	0.25206	0.24624	0.23982	0.23229	0.22519	0.21744	0.21211	0.20361	0.19923	0.19192
0.06823808	0.2657	0.26115	0.25487	0.24571	0.23925	0.23416	0.22643	0.2211	0.21288	0.20482	0.20244	0.19475
0.06947542	0.26833	0.25774	0.25706	0.24675	0.24073	0.23221	0.22835	0.22028	0.21444	0.20546	0.20133	0.19424
0.07073519	0.26853	0.26132	0.25899	0.24918	0.24216	0.2336	0.22974	0.2224	0.21463	0.20428	0.20155	0.19631
0.07201781	0.26983	0.26297	0.258	0.24881	0.24249	0.2364	0.22993	0.2228	0.21877	0.20665	0.20355	0.19663
0.07332368	0.26764	0.26398	0.26005	0.24973	0.24317	0.2376	0.23114	0.22449	0.21811	0.20785	0.20402	0.19779
0.07465324	0.2702	0.26437	0.25823	0.25301	0.24392	0.23845	0.23092	0.22546	0.21796	0.20997	0.20537	0.19834
0.0760069	0.27377	0.26588	0.2607	0.25317	0.24531	0.2379	0.23032	0.22676	0.21988	0.21124	0.208	0.20174
0.0773851	0.27474	0.26667	0.26144	0.25383	0.24554	0.24016	0.23448	0.22602	0.2202	0.21109	0.2056	0.19955
0.0787883	0.27751	0.26651	0.26343	0.25298	0.24622	0.24052	0.23278	0.22978	0.22104	0.2115	0.20895	0.20126
0.08021694	0.27702	0.26858	0.2655	0.25547	0.24765	0.24136	0.23411	0.2301	0.22044	0.212	0.20837	0.20234
0.08167149	0.27756	0.26841	0.26573	0.2546	0.24959	0.24182	0.23547	0.22885	0.22361	0.21486	0.21056	0.20333
0.08315241	0.27585	0.27171	0.26657	0.2587	0.24907	0.24446	0.23715	0.23181	0.22559	0.21571	0.21251	0.20293
0.08466019	0.27924	0.27314	0.27013	0.26455	0.25137	0.24549	0.23693	0.23082	0.22538	0.21795	0.20997	0.20295
0.0861953	0.27933	0.27307	0.26911	0.25919	0.25416	0.24484	0.24233	0.23458	0.22771	0.21991	0.21459	0.20548
0.08775825	0.28296	0.27485	0.26955	0.26368	0.25352	0.24745	0.23956	0.2326	0.22608	0.22231	0.21592	0.20785
0.08934954	0.28341	0.27466	0.27188	0.26416	0.2543	0.24566	0.24266	0.23548	0.22473	0.22038	0.21321	0.20855
0.09096969	0.28375	0.27346	0.27523	0.26365	0.25546	0.24755	0.24036	0.23548	0.23003	0.22096	0.2163	0.20852
0.09261921	0.28634	0.27861	0.27418	0.2666	0.25714	0.25015	0.24295	0.23684	0.23148	0.2245	0.21818	0.20949
0.09429864	0.28683	0.27851	0.276	0.26617	0.25846	0.25038	0.2458	0.23708	0.23019	0.22271	0.22026	0.21233
0.09600853	0.28686	0.28027	0.27755	0.26817	0.25854	0.25235	0.2453	0.24007	0.22971	0.22463	0.21958	0.21294
0.09774942	0.28884	0.28312	0.281	0.26842	0.2619	0.25139	0.24758	0.24008	0.23392	0.22508	0.22128	0.21234
0.09952187	0.29002	0.28623	0.27976	0.27121	0.2624	0.25442	0.24874	0.24195	0.23494	0.22605	0.22228	0.21745
0.1013265	0.29121	0.2843	0.27984	0.27245	0.26128	0.25456	0.24728	0.23703	0.23411	0.22646	0.22482	0.21563
0.1031638	0.29296	0.28769	0.28313	0.27374	0.26259	0.25674	0.25036	0.24138	0.23639	0.22999	0.22393	0.21739
0.1050344	0.29258	0.28737	0.27021	0.27421	0.26428	0.25905	0.24979	0.24784	0.23512	0.23083	0.22901	0.21928
0.106939	0.29494	0.28729	0.28527	0.2775	0.26791	0.25911	0.25313	0.24618	0.23752	0.23203	0.22795	0.22134
0.1088781	0.29689	0.29102	0.28594	0.27937	0.2676	0.25977	0.25406	0.24653	0.2402	0.23303	0.23061	0.22038
0.1108523	0.29791	0.29144	0.28838	0.279	0.26963	0.26237	0.25403	0.24665	0.24094	0.23322	0.22916	0.22465
0.1128624	0.29709	0.29301	0.28818	0.27872	0.27062	0.2638	0.25429	0.24726	0.24245	0.23682	0.22955	0.22313
0.1149089	0.30067	0.29488	0.28971	0.28264	0.27302	0.26305	0.25609	0.24818	0.24165	0.23406	0.23205	0.22588
0.1169925	0.30249	0.29626	0.29086	0.28181	0.27495	0.26575	0.25786	0.24925	0.24436	0.23501	0.23376	0.22725
0.1191138	0.30263	0.29655	0.29553	0.28536	0.2772	0.26607	0.25989	0.25131	0.24463	0.23613	0.23183	0.22719
0.1212737	0.30469	0.29943	0.29295	0.28745	0.2785	0.26896	0.25938	0.25042	0.24359	0.24206	0.23423	0.22817
0.1234727	0.30602	0.29877	0.29657	0.2884	0.27742	0.26962	0.2636	0.25265	0.2462	0.24063	0.23617	0.2297
0.1257116	0.30541	0.30079	0.29828	0.28947	0.28291	0.27139	0.2608	0.25388	0.24865	0.24122	0.23628	0.23157
0.1279911	0.30681	0.30175	0.29692	0.29052	0.28276	0.27503	0.26571	0.25682	0.24636	0.24038	0.23838	0.23059
0.1303119	0.31086	0.30263	0.30052	0.29197	0.29248	0.27507	0.26515	0.25718	0.24985	0.24485	0.23826	0.23294
0.1326748	0.30956	0.30401	0.30269	0.29269	0.28664	0.27647	0.26711	0.25902	0.25129	0.24449	0.24172	0.23469
0.1350805	0.31289	0.30786	0.30158	0.29421	0.28703	0.2783	0.26987	0.26051	0.25122	0.24613	0.2421	0.23934
0.1375299	0.31252	0.30687	0.3043	0.29539	0.2887	0.27983	0.27106	0.26033	0.25411	0.24448	0.24227	0.23651
0.1400237	0.31434	0.30921	0.30364	0.2966	0.2895	0.27994	0.27225	0.26146	0.25279	0.24785	0.24436	0.23972
0.1425627	0.31525	0.31028	0.30589	0.29996	0.2918	0.28103	0.27284	0.26293	0.25743	0.25061	0.24446	0.24102
0.1451477	0.3146	0.31107	0.30527	0.29908	0.29232	0.28596	0.27487	0.26452	0.26103	0.25131	0.24754	0.24346
0.1477797	0.3178	0.31287	0.3074	0.30112	0.29457	0.28598	0.27819	0.26557	0.25971	0.25001	0.24741	0.24113
0.1504593	0.31906	0.31261	0.30986	0.30505	0.29523	0.28783	0.27906	0.26526	0.25943	0.25605	0.2499	0.24359
0.1531875	0.32063	0.31416	0.30837	0.30177	0.29724	0.28932	0.2814	0.26574	0.26236	0.25264	0.25217	0.24604
0.1559652	0.31791	0.31672	0.31174	0.30544	0.29989	0.29206	0.28268	0.27022	0.26485	0.25608	0.25168	0.2475
0.1587933	0.3215	0.31735	0.31542	0.30496	0.30005	0.29219	0.28427	0.26978	0.26347	0.25554	0.25387	0.24776
0.1616726	0.3242	0.31846	0.31333	0.30734	0.3002	0.29595	0.28598	0.27437	0.26747	0.25876	0.25614	0.24896
0.1646042	0.32303	0.31984	0.31632	0.30707	0.3031	0.29786	0.28742	0.27408	0.26774	0.2605	0.25659	0.25165
0.1675889	0.3266	0.31925	0.31648	0.31071	0.30428	0.29821	0.29302	0.27529	0.27062	0.25979	0.26046	0.25371
0.1706277	0.32587	0.32088	0.31818	0.31085	0.30457	0.29833	0.29132	0.27622	0.26912	0.26384	0.25993	0.25101
0.1737217	0.32795	0.32319	0.31965	0.31391	0.3078	0.30061	0.2944	0.28001	0.27045	0.26506	0.26209	0.25391
0.1768717	0.32991	0.32362	0.3174	0.31341	0.30876	0.30331	0.29488	0.27952	0.27268	0.26504	0.26158	0.25714
0.1800789	0.331	0.32579	0.32005	0.31475	0.31123	0.3051	0.29624	0.28137	0.27272	0.26677	0.26395	0.25847
0.1833442	0.32971	0.32651	0.32101	0.31957	0.31238	0.30488	0.29768	0.28218	0.2759	0.27232	0.26724	0.25868
0.1866687	0.33226	0.32759	0.32367	0.31735	0.31162	0.30967	0.30313	0.28572	0.27871	0.2716	0.26875	0.26272
0.1900535	0.33245	0.32828	0.32438	0.31965	0.31353	0.30855	0.30276	0.2902	0.28031	0.27351	0.2698	0.26119
0.1934997	0.33292	0.32984	0.32598	0.32105	0.31508	0.30975	0.30286	0.28846	0.28104	0.27219	0.27306	0.26555
0.1970083	0.33523	0.33067	0.32644	0.32232	0.31424	0.31165	0.30378	0.29174	0.2807	0.27554	0.27437	0.26522
0.2005806	0.33605	0.33341	0.32644	0.32206	0.31796	0.31302	0.30652	0.29323	0.28401	0.27664	0.27758	0.26767
0.2042177	0.33524	0.33267	0.32958	0.32473	0.31875	0.31609	0.30824	0.29539	0.28593	0.28022	0.28003	0.26829
0.2079207	0.34244	0.33539	0.33084	0.325	0.31698	0.31386	0.309	0.29779	0.28863	0.28081	0.28257	0.27365
0.2116908	0.33941	0.33686	0.33031	0.32657	0.32224	0.31735	0.3121	0.30018	0.29147	0.28371	0.28146	0.27409
0.2155294	0.34194	0.33819	0.33132	0.32694	0.32137	0.31777	0.31303	0.29884	0.29308	0.2849	0.28566	0.27628
0.2194375	0.3455	0.34083	0.33253	0.32879	0.32526	0.31817	0.31487	0.30345	0.29233	0.28581	0.28616	0.27744
0.2234165	0.34498	0.34052	0.33649	0.32947	0.32578	0.32176	0.31469	0.30574	0.29478	0.29217	0.28687	0.28103
0.2274676	0.34699	0.34249	0.33626	0.32985	0.32941	0.32359	0.31686	0.30582	0.29791	0.29271	0.29264	0.28072
0.2315922	0.34682	0.34281	0.33823	0.33452	0.32818	0.32265	0.31802	0.30971	0.30113	0.29494	0.29262	0.28624
0.2357916	0.35005	0.34373	0.33941	0.33595	0.32999	0.32543	0.31944	0.31117	0.302	0.29583	0.29542	0.28543
0.2400671	0.35063	0.34546	0.34003	0.33697	0.33009	0.32596	0.32219	0.31408	0.30542	0.29955	0.29848	0.28909
0.2444202	0.3526	0.34883	0.34278	0.33849	0.33407	0.33058	0.32315	0.31411	0.30649	0.2993	0.29977	0.29313
0.2488521	0.35561	0.34966	0.34527	0.33757	0.33568	0.32902	0.32597	0.31793	0.30984	0.3027	0.3019	0.29276
0.2533645	0.35433	0.35043	0.34664	0.34133	0.33554	0.33137	0.32792	0.31843	0.31083	0.30488	0.30073	0.29828
0.2579587	0.35851	0.3519	0.34838	0.3421	0.33677	0.33319	0.32972	0.31892	0.31419	0.3071	0.30455	0.29799
0.2626361	0.35846	0.35247	0.349	0.34355	0.33711	0.33468	0.32765	0.32074	0.31634	0.31111	0.30744	0.30127
0.2673984	0.36126	0.35706	0.35116	0.34385	0.34085	0.33607	0.3297	0.32374	0.31896	0.31223	0.31018	0.30156
0.2722471	0.36229	0.35846	0.35363	0.34613	0.34016	0.33663	0.33591	0.32758	0.31645	0.31299	0.31253	0.30498
0.2771836	0.3645	0.35991	0.35573	0.35065	0.34445	0.33839	0.3343	0.32785	0.32045	0.31647	0.31279	0.30855
0.2822097	0.36562	0.36132	0.35435	0.35202	0.34602	0.33937	0.33729	0.33192	0.32378	0.31875	0.31421	0.30957
0.2873269	0.3682	0.363	0.35768	0.35256	0.34562	0.34104	0.33648	0.33196	0.32674	0.31992	0.31732	0.31004
0.2925369	0.36969	0.36583	0.35825	0.35213	0.35082	0.34464	0.33909	0.33402	0.32858	0.32231	0.32029	0.3162
0.2978414	0.3716	0.36568	0.3615	0.35607	0.35006	0.34623	0.34103	0.33568	0.33114	0.32345	0.32472	0.31575
0.3032421	0.37271	0.36713	0.36256	0.35461	0.3536	0.34776	0.34442	0.33762	0.33367	0.32393	0.32189	0.31675
0.3087406	0.37446	0.37065	0.36422	0.35863	0.35313	0.34974	0.34463	0.33875	0.33486	0.32708	0.32397	0.321
0.3143389	0.37635	0.37091	0.36513	0.36207	0.35558	0.35202	0.34676	0.33955	0.33472	0.33081	0.32778	0.32011
0.3200387	0.37521	0.37168	0.36698	0.36348	0.35848	0.35097	0.34956	0.34099	0.33653	0.33128	0.33027	0.32286
0.3258419	0.37943	0.37599	0.37075	0.36433	0.35969	0.35398	0.3499	0.34679	0.34057	0.33259	0.33056	0.32676
0.3317503	0.38109	0.37623	0.37388	0.36814	0.3599	0.35748	0.35203	0.3464	0.33934	0.33508	0.33427	0.32657
0.3377658	0.38358	0.37887	0.37322	0.36801	0.36411	0.35952	0.35602	0.34723	0.34455	0.33581	0.33449	0.3302
0.3438904	0.3846	0.37992	0.37749	0.37085	0.36468	0.36019	0.35559	0.34947	0.34336	0.341	0.33589	0.33076
0.350126	0.3866	0.38333	0.37883	0.37412	0.36787	0.36249	0.358	0.35375	0.34773	0.34089	0.34054	0.33336
0.3564747	0.38842	0.38676	0.38191	0.37532	0.36698	0.36421	0.36168	0.35504	0.34836	0.34324	0.34035	0.3356
0.3629386	0.39018	0.38645	0.38222	0.37779	0.37281	0.36756	0.36422	0.35665	0.35208	0.34621	0.34117	0.33686
0.3695196	0.39316	0.38892	0.38572	0.38158	0.37645	0.36873	0.36728	0.35979	0.35452	0.34756	0.34632	0.33937
0.37622	0.39422	0.3922	0.38698	0.38319	0.37603	0.37037	0.36623	0.35991	0.35698	0.35085	0.34602	0.34179
0.3830419	0.39568	0.39185	0.3904	0.38292	0.37927	0.37387	0.3694	0.3646	0.35844	0.35169	0.34773	0.34251
0.3899874	0.39858	0.3962	0.39051	0.38627	0.38019	0.37554	0.37174	0.36663	0.3626	0.35193	0.34993	0.34451
0.3970589	0.40029	0.39755	0.39269	0.38893	0.38129	0.37788	0.3715	0.37073	0.36473	0.35682	0.35274	0.34919
0.4042587	0.40305	0.40023	0.39322	0.39075	0.38544	0.38029	0.3773	0.37007	0.36557	0.35798	0.35503	0.35139
0.411589	0.40472	0.40101	0.39771	0.39412	0.38861	0.38355	0.37781	0.37237	0.36726	0.3621	0.35866	0.35179
0.4190522	0.40653	0.40407	0.39889	0.39421	0.38938	0.3874	0.38114	0.37501	0.36843	0.36172	0.36132	0.35441
0.4266507	0.40836	0.40579	0.40271	0.39781	0.39353	0.38844	0.38291	0.37786	0.37307	0.36573	0.36403	0.35812
0.434387	0.41155	0.4075	0.40411	0.39948	0.39465	0.38945	0.38357	0.37947	0.37584	0.3682	0.36435	0.35989
0.4422636	0.41309	0.40948	0.40533	0.40099	0.39697	0.39259	0.3877	0.38238	0.37745	0.36992	0.3682	0.36188
0.450283	0.41499	0.41198	0.41019	0.40363	0.39751	0.39457	0.39112	0.38502	0.38051	0.37346	0.37197	0.36723
0.4584478	0.41703	0.41498	0.41091	0.40588	0.40106	0.39735	0.3934	0.38627	0.38052	0.37611	0.37295	0.36849
0.4667607	0.41877	0.41681	0.41239	0.40702	0.40186	0.39812	0.39445	0.38915	0.38364	0.37714	0.37659	0.37145
0.4752243	0.41889	0.41823	0.41502	0.41091	0.40653	0.4019	0.39619	0.39313	0.38695	0.37996	0.37746	0.37355
0.4838414	0.42344	0.42077	0.41678	0.41243	0.40789	0.40401	0.39894	0.39367	0.38768	0.38257	0.38037	0.37653
0.4926147	0.42656	0.42401	0.41928	0.41391	0.41009	0.40464	0.40162	0.39636	0.39206	0.38484	0.38238	0.37895
0.5015472	0.42785	0.42611	0.42163	0.41767	0.41249	0.40821	0.4057	0.40001	0.39394	0.38774	0.38656	0.38037
0.5106415	0.43133	0.42793	0.42522	0.42073	0.41547	0.41095	0.40768	0.40245	0.39687	0.39166	0.38811	0.38152
0.5199008	0.434	0.43002	0.42766	0.42259	0.41872	0.41345	0.40845	0.40288	0.39897	0.39313	0.39153	0.386
0.529328	0.43594	0.43265	0.42914	0.42466	0.42136	0.41581	0.41352	0.40682	0.40022	0.39589	0.39389	0.38817
0.5389261	0.43886	0.43494	0.43128	0.42756	0.42408	0.41866	0.41579	0.40825	0.40365	0.39998	0.39626	0.39155
0.5486983	0.43991	0.43806	0.43383	0.42887	0.42638	0.42074	0.41681	0.41007	0.40766	0.40146	0.40034	0.39467
0.5586477	0.44573	0.43982	0.43658	0.4326	0.42886	0.42491	0.41973	0.41424	0.40902	0.4028	0.40236	0.39763
0.5687774	0.44683	0.4422	0.4389	0.4345	0.43002	0.42701	0.42256	0.41688	0.41127	0.40585	0.40545	0.40002
0.5790909	0.44949	0.44568	0.44158	0.43739	0.43286	0.42877	0.42445	0.41819	0.41363	0.40981	0.40759	0.40366
0.5895913	0.45367	0.44876	0.44561	0.4404	0.4357	0.43149	0.42801	0.42094	0.4163	0.41214	0.41046	0.40598
0.6002822	0.45564	0.45248	0.44789	0.44277	0.43887	0.43308	0.43015	0.42328	0.42053	0.41441	0.41325	0.40859
0.6111669	0.45824	0.45477	0.4509	0.44638	0.44127	0.4377	0.43386	0.42742	0.4226	0.4179	0.41743	0.41229
0.622249	0.46074	0.45796	0.45242	0.44926	0.4453	0.44055	0.43584	0.43077	0.42409	0.41977	0.41868	0.41446
0.633532	0.46389	0.45955	0.45686	0.4501	0.44739	0.44279	0.43907	0.43303	0.42832	0.42384	0.42186	0.41671
0.6450197	0.46663	0.46431	0.46078	0.45512	0.45008	0.44585	0.44154	0.43599	0.43057	0.42574	0.42523	0.42023
0.6567156	0.46973	0.46677	0.46327	0.45837	0.45302	0.44875	0.44567	0.43939	0.43655	0.43032	0.42762	0.42317
0.6686236	0.47244	0.46972	0.46613	0.46176	0.45621	0.45204	0.4467	0.44386	0.43725	0.43379	0.43104	0.42651
0.6807475	0.47558	0.47306	0.47057	0.46437	0.45976	0.45589	0.45056	0.4467	0.44206	0.43496	0.43374	0.42998
0.6930913	0.47838	0.47542	0.4736	0.46792	0.46259	0.45844	0.45498	0.44937	0.44428	0.43818	0.43801	0.43305
0.7056589	0.48286	0.47882	0.47556	0.47182	0.4662	0.46161	0.45886	0.45377	0.44862	0.4421	0.44102	0.43617
0.7184543	0.48572	0.48229	0.47971	0.47413	0.4699	0.46571	0.46112	0.45609	0.45171	0.44495	0.44465	0.44005
0.7314818	0.48958	0.48623	0.48269	0.47919	0.47243	0.46846	0.46444	0.45901	0.45474	0.44856	0.44761	0.4432
0.7447455	0.49346	0.49002	0.48539	0.48078	0.47674	0.47277	0.46784	0.46248	0.45662	0.45277	0.45218	0.44658
0.7582497	0.49687	0.4934	0.48851	0.48392	0.47961	0.47576	0.47141	0.4655	0.46065	0.45567	0.45467	0.45046
0.7719988	0.50143	0.49867	0.48645	0.48728	0.48264	0.47966	0.47535	0.46893	0.46442	0.45891	0.45772	0.45399
0.7859972	0.5042	0.50302	0.49622	0.49169	0.48662	0.48194	0.47784	0.4717	0.4678	0.46364	0.46155	0.45778
0.8002494	0.50827	0.50767	0.50045	0.49462	0.49048	0.486	0.48093	0.47439	0.47063	0.46581	0.46561	0.45993
0.8147601	0.51125	0.5122	0.50337	0.49715	0.49419	0.48863	0.48373	0.47726	0.47395	0.46899	0.46801	0.46373
0.8295339	0.51442	0.51512	0.50838	0.50102	0.49642	0.49249	0.4885	0.48226	0.47774	0.47214	0.47073	0.46614
0.8445755	0.51781	0.51784	0.51297	0.50627	0.50129	0.49708	0.49229	0.48481	0.4817	0.47521	0.47459	0.47009
0.8598899	0.52198	0.52213	0.5156	0.50968	0.50461	0.4995	0.49615	0.48911	0.48621	0.47989	0.47814	0.47411
0.875482	0.5259	0.52667	0.51934	0.51316	0.50945	0.50474	0.49895	0.49247	0.48763	0.48453	0.48215	0.47772
0.8913568	0.52952	0.52915	0.52335	0.51701	0.5116	0.50747	0.50321	0.49582	0.49102	0.48616	0.48589	0.48122
0.9075195	0.53441	0.53303	0.52591	0.51973	0.51609	0.5111	0.5064	0.49867	0.49479	0.48966	0.48928	0.48497
0.9239752	0.53728	0.53659	0.53039	0.52313	0.51842	0.51454	0.51057	0.50302	0.49859	0.49352	0.49265	0.4884
0.9407294	0.54242	0.54145	0.53443	0.52794	0.52263	0.51694	0.51377	0.50643	0.50226	0.49741	0.49596	0.4933
0.9577873	0.54597	0.54544	0.53879	0.53104	0.52566	0.52109	0.51733	0.50939	0.50566	0.49985	0.50057	0.49546
0.9751545	0.55074	0.54883	0.54302	0.53486	0.5299	0.52416	0.52072	0.51318	0.50892	0.50363	0.50394	0.49949
0.9928367	0.55519	0.55294	0.54706	0.53897	0.53426	0.52779	0.52425	0.51689	0.51185	0.50775	0.50811	0.50331
1.010839	0.55657	0.55498	0.54808	0.54678	0.53741	0.5321	0.52809	0.52085	0.51429	0.51102	0.51034	0.50627
1.029169	0.56514	0.55941	0.55418	0.54655	0.5406	0.53609	0.53171	0.52423	0.51994	0.51484	0.51409	0.50956
1.04783	0.56873	0.56437	0.55803	0.55019	0.54482	0.53989	0.53509	0.52819	0.52312	0.51832	0.51848	0.514
1.06683	0.57312	0.56669	0.56143	0.55655	0.55002	0.54296	0.53958	0.53201	0.5272	0.52214	0.52234	0.518
1.086175	0.5763	0.57221	0.56685	0.55935	0.55261	0.54773	0.54344	0.53593	0.53084	0.5261	0.5256	0.52212
1.10587	0.58072	0.57643	0.5705	0.56511	0.55749	0.55267	0.54651	0.54035	0.53538	0.52906	0.53082	0.52525
1.125922	0.58579	0.58022	0.57663	0.56733	0.5627	0.55716	0.5519	0.54436	0.53982	0.53318	0.53355	0.52994
1.146338	0.58803	0.58373	0.57959	0.57376	0.56615	0.56073	0.55613	0.54886	0.54293	0.53754	0.53816	0.53389
1.167124	0.59259	0.5875	0.58484	0.57921	0.57179	0.56723	0.5596	0.55297	0.54878	0.54254	0.54273	0.53824
1.188287	0.59747	0.59223	0.59116	0.58349	0.57735	0.56962	0.56503	0.55934	0.55312	0.54602	0.54624	0.54208
1.209834	0.60063	0.59636	0.59509	0.58801	0.58271	0.57489	0.57003	0.56296	0.55742	0.55054	0.552	0.54769
1.231772	0.60436	0.60033	0.59888	0.59328	0.58687	0.57865	0.57454	0.56647	0.56243	0.55706	0.55733	0.55079
1.254107	0.6096	0.60262	0.60316	0.59636	0.59053	0.58507	0.57886	0.57262	0.56726	0.56125	0.56175	0.55616
1.276847	0.61451	0.60834	0.60794	0.60094	0.59582	0.58883	0.58491	0.57553	0.57126	0.56694	0.56647	0.56158
1.3	0.6192	0.6113	0.61118	0.60617	0.59962	0.59313	0.58955	0.57982	0.57583	0.57076	0.57132	0.56692
